0.00001	 0.	 0.	 0.	3.87013	 0.	 0.
0.00002	 0.	 0.	 0.	3.84539	 0.	 0.
0.00003	 0.	 0.	 0.	3.8208	 0.	 0.
0.00004	 0.	 0.	 0.	3.79638	 0.	 0.
0.00005	 0.	 0.	 0.	3.77211	 0.	 0.
0.00006	 0.	 0.	 0.	3.74799	 0.	 0.
0.00007	 0.	 0.	 0.	3.72403	 0.	 0.
0.00008	 0.	 0.	 0.	3.70022	 0.	 0.
0.00009	 0.	 0.	 0.	3.67656	 0.	 0.
0.0001	 0.	 0.	 0.	3.65306	 0.	 0.
0.00011	 0.	 0.	 0.	3.62971	 0.	 0.
0.00012	 0.	 0.	 0.	3.6065	 0.	 0.
0.00013	 0.	 0.	 0.	3.58344	 0.	 0.
0.00014	 0.	 0.	 0.	3.56053	 0.	 0.
0.00015	 0.	 0.	 0.	3.53777	 0.	 0.
0.00016	 0.	 0.	 0.	3.51515	 0.	 0.
0.00017	 0.	 0.	 0.	3.49268	 0.	 0.
0.00018	 0.	 0.	 0.	3.47035	 0.	 0.
0.00019	 0.	 0.	 0.	3.44816	 0.	 0.
0.0002	 0.	 0.	 0.	3.42612	 0.	 0.
0.00021	 0.	 0.	 0.	3.40422	 0.	 0.
0.00022	 0.	 0.	 0.	3.38245	 0.	 0.
0.00023	 0.	 0.	 0.	3.36083	 0.	 0.
0.00024	 0.	 0.	 0.	3.33934	 0.	 0.
0.00025	 0.	 0.	 0.	3.31799	 0.	 0.
0.00026	 0.	 0.	 0.	3.29678	 0.	 0.
0.00027	 0.	 0.	 0.	3.2757	 0.	 0.
0.00028	 0.	 0.	 0.	3.25476	 0.	 0.
0.00029	 0.	 0.	 0.	3.23395	 0.	 0.
0.0003	 0.	 0.	 0.	3.21328	 0.	 0.
0.00031	 0.	 0.	 0.	3.19273	 0.	 0.
0.00032	 0.	 0.	 0.	3.17232	 0.	 0.
0.00033	 0.	 0.	 0.	3.15204	 0.	 0.
0.00034	 0.	 0.	 0.	3.13189	 0.	 0.
0.00035	 0.	 0.	 0.	3.11187	 0.	 0.
0.00036	 0.	 0.	 0.	3.09197	 0.	 0.
0.00037	 0.	 0.	 0.	3.0722	 0.	 0.
0.00038	 0.	 0.	 0.	3.05256	 0.	 0.
0.00039	 0.	 0.	 0.	3.03305	 0.	 0.
0.0004	 0.	 0.	 0.	3.01366	 0.	 0.
0.00041	 0.	 0.	 0.	2.99439	 0.	 0.
0.00042	 0.	 0.	 0.	2.97525	 0.	 0.
0.00043	 0.	 0.	 0.	2.95622	 0.	 0.
0.00044	 0.	 0.	 0.	2.93732	 0.	 0.
0.00045	 0.	 0.	 0.	2.91855	 0.	 0.
0.00046	 0.	 0.	 0.	2.89989	 0.	 0.
0.00047	 0.	 0.	 0.	2.88135	 0.	 0.
0.00048	 0.	 0.	 0.	2.86293	 0.	 0.
0.00049	 0.	 0.	 0.	2.84462	 0.	 0.
0.0005	 0.	 0.	 0.	2.82644	 0.	 0.
0.00051	 0.	 0.	 0.	2.80837	 0.	 0.
0.00052	 0.	 0.	 0.	2.79041	 0.	 0.
0.00053	 0.	 0.	 0.	2.77257	 0.	 0.
0.00054	 0.	 0.	 0.	2.75485	 0.	 0.
0.00055	 0.	 0.	 0.	2.73724	 0.	 0.
0.00056	 0.	 0.	 0.	2.71974	 0.	 0.
0.00057	 0.	 0.	 0.	2.70235	 0.	 0.
0.00058	 0.	 0.	 0.	2.68507	 0.	 0.
0.00059	 0.	 0.	 0.	2.66791	 0.	 0.
0.0006	 0.	 0.	 0.	2.65085	 0.	 0.
0.00061	 0.	 0.	 0.	2.6339	 0.	 0.
0.00062	 0.	 0.	 0.	2.61706	 0.	 0.
0.00063	 0.	 0.	 0.	2.60033	 0.	 0.
0.00064	 0.	 0.	 0.	2.58371	 0.	 0.
0.00065	 0.	 0.	 0.	2.56719	 0.	 0.
0.00066	 0.	 0.	 0.	2.55078	 0.	 0.
0.00067	 0.	 0.	 0.	2.53447	 0.	 0.
0.00068	 0.	 0.	 0.	2.51827	 0.	 0.
0.00069	 0.	 0.	 0.	2.50217	 0.	 0.
0.0007	 0.	 0.	 0.	2.48617	 0.	 0.
0.00071	 0.	 0.	 0.	2.47027	 0.	 0.
0.00072	 0.	 0.	 0.	2.45448	 0.	 0.
0.00073	 0.	 0.	 0.	2.43879	 0.	 0.
0.00074	 0.	 0.	 0.	2.4232	 0.	 0.
0.00075	 0.	 0.	 0.	2.40771	 0.	 0.
0.00076	 0.	 0.	 0.	2.39231	 0.	 0.
0.00077	 0.	 0.	 0.	2.37702	 0.	 0.
0.00078	 0.	 0.	 0.	2.36182	 0.	 0.
0.00079	 0.	 0.	 0.	2.34672	 0.	 0.
0.0008	 0.	 0.	 0.	2.33172	 0.	 0.
0.00081	 0.	 0.	 0.	2.31681	 0.	 0.
0.00082	 0.	 0.	 0.	2.302	 0.	 0.
0.00083	 0.	 0.	 0.	2.28728	 0.	 0.
0.00084	 0.	 0.	 0.	2.27266	 0.	 0.
0.00085	 0.	 0.	 0.	2.25813	 0.	 0.
0.00086	 0.	 0.	 0.	2.24369	 0.	 0.
0.00087	 0.	 0.	 0.	2.22935	 0.	 0.
0.00088	 0.	 0.	 0.	2.2151	 0.	 0.
0.00089	 0.	 0.	 0.	2.20094	 0.	 0.
0.0009	 0.	 0.	 0.	2.18686	 0.	 0.
0.00091	 0.	 0.	 0.	2.17288	 0.	 0.
0.00092	 0.	 0.	 0.	2.15899	 0.	 0.
0.00093	 0.	 0.	 0.	2.14519	 0.	 0.
0.00094	 0.	 0.	 0.	2.13147	 0.	 0.
0.00095	 0.	 0.	 0.	2.11785	 0.	 0.
0.00096	 0.	 0.	 0.	2.10431	 0.	 0.
0.00097	 0.	 0.	 0.	2.09085	 0.	 0.
0.00098	 0.	 0.	 0.	2.07749	 0.	 0.
0.00099	 0.	 0.	 0.	2.06421	 0.	 0.
0.001	 0.	 0.	 0.	2.05101	 0.	 0.
0.00101	 0.	 0.	 0.	2.0379	 0.	 0.
0.00102	 0.	 0.	 0.	2.02487	 0.	 0.
0.00103	 0.	 0.	 0.	2.01192	 0.	 0.
0.00104	 0.	 0.	 0.	1.99906	 0.	 0.
0.00105	 0.	 0.	 0.	1.98628	 0.	 0.
0.00106	 0.	 0.	 0.	1.97358	 0.	 0.
0.00107	 0.	 0.	 0.	1.96096	 0.	 0.
0.00108	 0.	 0.	 0.	1.94843	 0.	 0.
0.00109	 0.	 0.	 0.	1.93597	 0.	 0.
0.0011	 0.	 0.	 0.	1.92359	 0.	 0.
0.00111	 0.	 0.	 0.	1.91129	 0.	 0.
0.00112	 0.	 0.	 0.	1.89908	 0.	 0.
0.00113	 0.	 0.	 0.	1.88693	 0.	 0.
0.00114	 0.	 0.	 0.	1.87487	 0.	 0.
0.00115	 0.	 0.	 0.	1.86288	 0.	 0.
0.00116	 0.	 0.	 0.	1.85097	 0.	 0.
0.00117	 0.	 0.	 0.	1.83914	 0.	 0.
0.00118	 0.	 0.	 0.	1.82738	 0.	 0.
0.00119	 0.	 0.	 0.	1.8157	 0.	 0.
0.0012	 0.	 0.	 0.	1.80409	 0.	 0.
0.00121	 0.	 0.	 0.	1.79256	 0.	 0.
0.00122	 0.	 0.	 0.	1.7811	 0.	 0.
0.00123	 0.	 0.	 0.	1.76971	 0.	 0.
0.00124	 0.	 0.	 0.	1.7584	 0.	 0.
0.00125	 0.	 0.	 0.	1.74716	 0.	 0.
0.00126	 0.	 0.	 0.	1.73599	 0.	 0.
0.00127	 0.	 0.	 0.	1.72489	 0.	 0.
0.00128	 0.	 0.	 0.	1.71386	 0.	 0.
0.00129	 0.	 0.	 0.	1.7029	 0.	 0.
0.0013	 0.	 0.	 0.	1.69202	 0.	 0.
0.00131	 0.	 0.	 0.	1.6812	 0.	 0.
0.00132	 0.	 0.	 0.	1.67045	 0.	 0.
0.00133	 0.	 0.	 0.	1.65977	 0.	 0.
0.00134	 0.	 0.	 0.	1.64916	 0.	 0.
0.00135	 0.	 0.	 0.	1.63862	 0.	 0.
0.00136	 0.	 0.	 0.	1.62814	 0.	 0.
0.00137	 0.	 0.	 0.	1.61773	 0.	 0.
0.00138	 0.	 0.	 0.	1.60739	 0.	 0.
0.00139	 0.	 0.	 0.	1.59711	 0.	 0.
0.0014	 0.	 0.	 0.	1.5869	 0.	 0.
0.00141	 0.	 0.	 0.	1.57676	 0.	 0.
0.00142	 0.	 0.	 0.	1.56668	 0.	 0.
0.00143	 0.	 0.	 0.	1.55666	 0.	 0.
0.00144	 0.	 0.	 0.	1.54671	 0.	 0.
0.00145	 0.	 0.	 0.	1.53682	 0.	 0.
0.00146	 0.	 0.	 0.	1.52699	 0.	 0.
0.00147	 0.	 0.	 0.	1.51723	 0.	 0.
0.00148	 0.	 0.	 0.	1.50753	 0.	 0.
0.00149	 0.	 0.	 0.	1.49789	 0.	 0.
0.0015	 0.	 0.	 0.	1.48832	 0.	 0.
0.00151	 0.	 0.	 0.	1.4788	 0.	 0.
0.00152	 0.	 0.	 0.	1.46935	 0.	 0.
0.00153	 0.	 0.	 0.	1.45995	 0.	 0.
0.00154	 0.	 0.	 0.	1.45062	 0.	 0.
0.00155	 0.	 0.	 0.	1.44135	 0.	 0.
0.00156	 0.	 0.	 0.	1.43213	 0.	 0.
0.00157	 0.	 0.	 0.	1.42298	 0.	 0.
0.00158	 0.	 0.	 0.	1.41388	 0.	 0.
0.00159	 0.	 0.	 0.	1.40484	 0.	 0.
0.0016	 0.	 0.	 0.	1.39586	 0.	 0.
0.00161	 0.	 0.	 0.	1.38693	 0.	 0.
0.00162	 0.	 0.	 0.	1.37807	 0.	 0.
0.00163	 0.	 0.	 0.	1.36926	 0.	 0.
0.00164	 0.	 0.	 0.	1.3605	 0.	 0.
0.00165	 0.	 0.	 0.	1.35181	 0.	 0.
0.00166	 0.	 0.	 0.	1.34316	 0.	 0.
0.00167	 0.	 0.	 0.	1.33458	 0.	 0.
0.00168	 0.	 0.	 0.	1.32604	 0.	 0.
0.00169	 0.	 0.	 0.	1.31757	 0.	 0.
0.0017	 0.	 0.	 0.	1.30914	 0.	 0.
0.00171	 0.	 0.	 0.	1.30077	 0.	 0.
0.00172	 0.	 0.	 0.	1.29246	 0.	 0.
0.00173	 0.	 0.	 0.	1.28419	 0.	 0.
0.00174	 0.	 0.	 0.	1.27598	 0.	 0.
0.00175	 0.	 0.	 0.	1.26783	 0.	 0.
0.00176	 0.	 0.	 0.	1.25972	 0.	 0.
0.00177	 0.	 0.	 0.	1.25167	 0.	 0.
0.00178	 0.	 0.	 0.	1.24366	 0.	 0.
0.00179	 0.	 0.	 0.	1.23571	 0.	 0.
0.0018	 0.	 0.	 0.	1.22781	 0.	 0.
0.00181	 0.	 0.	 0.	1.21996	 0.	 0.
0.00182	 0.	 0.	 0.	1.21216	 0.	 0.
0.00183	 0.	 0.	 0.	1.20442	 0.	 0.
0.00184	 0.	 0.	 0.	1.19672	 0.	 0.
0.00185	 0.	 0.	 0.	1.18906	 0.	 0.
0.00186	 0.	 0.	 0.	1.18146	 0.	 0.
0.00187	 0.	 0.	 0.	1.17391	 0.	 0.
0.00188	 0.	 0.	 0.	1.1664	 0.	 0.
0.00189	 0.	 0.	 0.	1.15895	 0.	 0.
0.0019	 0.	 0.	 0.	1.15154	 0.	 0.
0.00191	 0.	 0.	 0.	1.14418	 0.	 0.
0.00192	 0.	 0.	 0.	1.13686	 0.	 0.
0.00193	 0.	 0.	 0.	1.12959	 0.	 0.
0.00194	 0.	 0.	 0.	1.12237	 0.	 0.
0.00195	 0.	 0.	 0.	1.1152	 0.	 0.
0.00196	 0.	 0.	 0.	1.10807	 0.	 0.
0.00197	 0.	 0.	 0.	1.10098	 0.	 0.
0.00198	 0.	 0.	 0.	1.09394	 0.	 0.
0.00199	 0.	 0.	 0.	1.08695	 0.	 0.
0.002	 0.	 0.	 0.	1.08	 0.	 0.
0.00201	 0.	 0.	 0.	1.0731	 0.	 0.
0.00202	 0.	 0.	 0.	1.06623	 0.	 0.
0.00203	 0.	 0.	 0.	1.05942	 0.	 0.
0.00204	 0.	 0.	 0.	1.05265	 0.	 0.
0.00205	 0.	 0.	 0.	1.04592	 0.	 0.
0.00206	 0.	 0.	 0.	1.03923	 0.	 0.
0.00207	 0.	 0.	 0.	1.03258	 0.	 0.
0.00208	 0.	 0.	 0.	1.02598	 0.	 0.
0.00209	 0.	 0.	 0.	1.01942	 0.	 0.
0.0021	 0.	 0.	 0.	1.01291	 0.	 0.
0.00211	 0.	 0.	 0.	1.00643	 0.	 0.
0.00212	 0.	 0.	 0.	0.999997	 0.	 0.
0.00213	 0.	 0.	 0.	0.993603	 0.	 0.
0.00214	 0.	 0.	 0.	0.987251	 0.	 0.
0.00215	 0.	 0.	 0.	0.980939	 0.	 0.
0.00216	 0.	 0.	 0.	0.974668	 0.	 0.
0.00217	 0.	 0.	 0.	0.968437	 0.	 0.
0.00218	 0.	 0.	 0.	0.962245	 0.	 0.
0.00219	 0.	 0.	 0.	0.956094	 0.	 0.
0.0022	 0.	 0.	 0.	0.949981	 0.	 0.
0.00221	 0.	 0.	 0.	0.943908	 0.	 0.
0.00222	 0.	 0.	 0.	0.937873	 0.	 0.
0.00223	 0.	 0.	 0.	0.931877	 0.	 0.
0.00224	 0.	 0.	 0.	0.92592	 0.	 0.
0.00225	 0.	 0.	 0.	0.92	 0.	 0.
0.00226	 0.	 0.	 0.	0.910973	 0.	 0.
0.00227	 0.	 0.	 0.	0.902034	 0.	 0.
0.00228	 0.	 0.	 0.	0.893184	 0.	 0.
0.00229	 0.	 0.	 0.	0.88442	 0.	 0.
0.0023	 0.	 0.	 0.	0.875742	 0.	 0.
0.00231	 0.	 0.	 0.	0.867149	 0.	 0.
0.00232	 0.	 0.	 0.	0.85864	 0.	 0.
0.00233	 0.	 0.	 0.	0.850215	 0.	 0.
0.00234	 0.	 0.	 0.	0.841873	 0.	 0.
0.00235	 0.	 0.	 0.	0.833613	 0.	 0.
0.00236	 0.	 0.	 0.	0.825433	 0.	 0.
0.00237	 0.	 0.	 0.	0.817334	 0.	 0.
0.00238	 0.	 0.	 0.	0.809314	 0.	 0.
0.00239	 0.	 0.	 0.	0.801373	 0.	 0.
0.0024	 0.	 0.	 0.	0.79351	 0.	 0.
0.00241	 0.	 0.	 0.	0.785724	 0.	 0.
0.00242	 0.	 0.	 0.	0.778015	 0.	 0.
0.00243	 0.	 0.	 0.	0.770381	 0.	 0.
0.00244	 0.	 0.	 0.	0.762822	 0.	 0.
0.00245	 0.	 0.	 0.	0.755337	 0.	 0.
0.00246	 0.	 0.	 0.	0.747925	 0.	 0.
0.00247	 0.	 0.	 0.	0.740587	 0.	 0.
0.00248	 0.	 0.	 0.	0.73332	 0.	 0.
0.00249	 0.	 0.	 0.	0.726125	 0.	 0.
0.0025	 0.	 0.	 0.	0.719	 0.	 0.
0.00251	 0.	 0.	 0.	0.714752	 0.	 0.
0.00252	 0.	 0.	 0.	0.710529	 0.	 0.
0.00253	 0.	 0.	 0.	0.706331	 0.	 0.
0.00254	 0.	 0.	 0.	0.702158	 0.	 0.
0.00255	 0.	 0.	 0.	0.69801	 0.	 0.
0.00256	 0.	 0.	 0.	0.693886	 0.	 0.
0.00257	 0.	 0.	 0.	0.689786	 0.	 0.
0.00258	 0.	 0.	 0.	0.685711	 0.	 0.
0.00259	 0.	 0.	 0.	0.68166	 0.	 0.
0.0026	 0.	 0.	 0.	0.677632	 0.	 0.
0.00261	 0.	 0.	 0.	0.673629	 0.	 0.
0.00262	 0.	 0.	 0.	0.669649	 0.	 0.
0.00263	 0.	 0.	 0.	0.665692	 0.	 0.
0.00264	 0.	 0.	 0.	0.661759	 0.	 0.
0.00265	 0.	 0.	 0.	0.65785	 0.	 0.
0.00266	 0.	 0.	 0.	0.653963	 0.	 0.
0.00267	 0.	 0.	 0.	0.650099	 0.	 0.
0.00268	 0.	 0.	 0.	0.646258	 0.	 0.
0.00269	 0.	 0.	 0.	0.64244	 0.	 0.
0.0027	 0.	 0.	 0.	0.638644	 0.	 0.
0.00271	 0.	 0.	 0.	0.634871	 0.	 0.
0.00272	 0.	 0.	 0.	0.63112	 0.	 0.
0.00273	 0.	 0.	 0.	0.627392	 0.	 0.
0.00274	 0.	 0.	 0.	0.623685	 0.	 0.
0.00275	 0.	 0.	 0.	0.62	 0.	 0.
0.00276	 0.	 0.	 0.	0.615415	 0.	 0.
0.00277	 0.	 0.	 0.	0.610865	 0.	 0.
0.00278	 0.	 0.	 0.	0.606347	 0.	 0.
0.00279	 0.	 0.	 0.	0.601864	 0.	 0.
0.0028	 0.	 0.	 0.	0.597413	 0.	 0.
0.00281	 0.	 0.	 0.	0.592996	 0.	 0.
0.00282	 0.	 0.	 0.	0.588611	 0.	 0.
0.00283	 0.	 0.	 0.	0.584258	 0.	 0.
0.00284	 0.	 0.	 0.	0.579938	 0.	 0.
0.00285	 0.	 0.	 0.	0.575649	 0.	 0.
0.00286	 0.	 0.	 0.	0.571392	 0.	 0.
0.00287	 0.	 0.	 0.	0.567167	 0.	 0.
0.00288	 0.	 0.	 0.	0.562973	 0.	 0.
0.00289	 0.	 0.	 0.	0.55881	 0.	 0.
0.0029	 0.	 0.	 0.	0.554678	 0.	 0.
0.00291	 0.	 0.	 0.	0.550576	 0.	 0.
0.00292	 0.	 0.	 0.	0.546505	 0.	 0.
0.00293	 0.	 0.	 0.	0.542464	 0.	 0.
0.00294	 0.	 0.	 0.	0.538453	 0.	 0.
0.00295	 0.	 0.	 0.	0.534471	 0.	 0.
0.00296	 0.	 0.	 0.	0.530519	 0.	 0.
0.00297	 0.	 0.	 0.	0.526596	 0.	 0.
0.00298	 0.	 0.	 0.	0.522702	 0.	 0.
0.00299	 0.	 0.	 0.	0.518837	 0.	 0.
0.003	 0.	 0.	 0.	0.515	 0.	 0.
0.00301	 0.	 0.	 0.	0.509718	 0.	 0.
0.00302	 0.	 0.	 0.	0.504491	 0.	 0.
0.00303	 0.	 0.	 0.	0.499317	 0.	 0.
0.00304	 0.	 0.	 0.	0.494196	 0.	 0.
0.00305	 0.	 0.	 0.	0.489128	 0.	 0.
0.00306	 0.	 0.	 0.	0.484112	 0.	 0.
0.00307	 0.	 0.	 0.	0.479147	 0.	 0.
0.00308	 0.	 0.	 0.	0.474233	 0.	 0.
0.00309	 0.	 0.	 0.	0.469369	 0.	 0.
0.0031	 0.	 0.	 0.	0.464555	 0.	 0.
0.00311	 0.	 0.	 0.	0.459791	 0.	 0.
0.00312	 0.	 0.	 0.	0.455076	 0.	 0.
0.00313	 0.	 0.	 0.	0.450409	 0.	 0.
0.00314	 0.	 0.	 0.	0.445789	 0.	 0.
0.00315	 0.	 0.	 0.	0.441218	 0.	 0.
0.00316	 0.	 0.	 0.	0.436693	 0.	 0.
0.00317	 0.	 0.	 0.	0.432214	 0.	 0.
0.00318	 0.	 0.	 0.	0.427781	 0.	 0.
0.00319	 0.	 0.	 0.	0.423394	 0.	 0.
0.0032	 0.	 0.	 0.	0.419052	 0.	 0.
0.00321	 0.	 0.	 0.	0.414754	 0.	 0.
0.00322	 0.	 0.	 0.	0.410501	 0.	 0.
0.00323	 0.	 0.	 0.	0.406291	 0.	 0.
0.00324	 0.	 0.	 0.	0.402124	 0.	 0.
0.00325	 0.	 0.	 0.	0.398	 0.	 0.
0.00326	 0.	 0.	 0.	0.39498	 0.	 0.
0.00327	 0.	 0.	 0.	0.391984	 0.	 0.
0.00328	 0.	 0.	 0.	0.38901	 0.	 0.
0.00329	 0.	 0.	 0.	0.386059	 0.	 0.
0.0033	 0.	 0.	 0.	0.38313	 0.	 0.
0.00331	 0.	 0.	 0.	0.380223	 0.	 0.
0.00332	 0.	 0.	 0.	0.377338	 0.	 0.
0.00333	 0.	 0.	 0.	0.374475	 0.	 0.
0.00334	 0.	 0.	 0.	0.371634	 0.	 0.
0.00335	 0.	 0.	 0.	0.368815	 0.	 0.
0.00336	 0.	 0.	 0.	0.366017	 0.	 0.
0.00337	 0.	 0.	 0.	0.36324	 0.	 0.
0.00338	 0.	 0.	 0.	0.360484	 0.	 0.
0.00339	 0.	 0.	 0.	0.357749	 0.	 0.
0.0034	 0.	 0.	 0.	0.355035	 0.	 0.
0.00341	 0.	 0.	 0.	0.352341	 0.	 0.
0.00342	 0.	 0.	 0.	0.349668	 0.	 0.
0.00343	 0.	 0.	 0.	0.347015	 0.	 0.
0.00344	 0.	 0.	 0.	0.344382	 0.	 0.
0.00345	 0.	 0.	 0.	0.34177	 0.	 0.
0.00346	 0.	 0.	 0.	0.339177	 0.	 0.
0.00347	 0.	 0.	 0.	0.336603	 0.	 0.
0.00348	 0.	 0.	 0.	0.33405	 0.	 0.
0.00349	 0.	 0.	 0.	0.331515	 0.	 0.
0.0035	 0.	 0.	 0.	0.329	 0.	 0.
0.00351	 0.	 0.	 0.	0.325967	 0.	 0.
0.00352	 0.	 0.	 0.	0.322962	 0.	 0.
0.00353	 0.	 0.	 0.	0.319985	 0.	 0.
0.00354	 0.	 0.	 0.	0.317035	 0.	 0.
0.00355	 0.	 0.	 0.	0.314112	 0.	 0.
0.00356	 0.	 0.	 0.	0.311216	 0.	 0.
0.00357	 0.	 0.	 0.	0.308347	 0.	 0.
0.00358	 0.	 0.	 0.	0.305505	 0.	 0.
0.00359	 0.	 0.	 0.	0.302689	 0.	 0.
0.0036	 0.	 0.	 0.	0.299898	 0.	 0.
0.00361	 0.	 0.	 0.	0.297133	 0.	 0.
0.00362	 0.	 0.	 0.	0.294394	 0.	 0.
0.00363	 0.	 0.	 0.	0.29168	 0.	 0.
0.00364	 0.	 0.	 0.	0.288991	 0.	 0.
0.00365	 0.	 0.	 0.	0.286327	 0.	 0.
0.00366	 0.	 0.	 0.	0.283688	 0.	 0.
0.00367	 0.	 0.	 0.	0.281072	 0.	 0.
0.00368	 0.	 0.	 0.	0.278481	 0.	 0.
0.00369	 0.	 0.	 0.	0.275914	 0.	 0.
0.0037	 0.	 0.	 0.	0.27337	 0.	 0.
0.00371	 0.	 0.	 0.	0.27085	 0.	 0.
0.00372	 0.	 0.	 0.	0.268353	 0.	 0.
0.00373	 0.	 0.	 0.	0.26588	 0.	 0.
0.00374	 0.	 0.	 0.	0.263428	 0.	 0.
0.00375	 0.	 0.	 0.	0.261	 0.	 0.
0.00376	 0.	 0.	 0.	0.257974	 0.	 0.
0.00377	 0.	 0.	 0.	0.254983	 0.	 0.
0.00378	 0.	 0.	 0.	0.252027	 0.	 0.
0.00379	 0.	 0.	 0.	0.249106	 0.	 0.
0.0038	 0.	 0.	 0.	0.246218	 0.	 0.
0.00381	 0.	 0.	 0.	0.243363	 0.	 0.
0.00382	 0.	 0.	 0.	0.240542	 0.	 0.
0.00383	 0.	 0.	 0.	0.237753	 0.	 0.
0.00384	 0.	 0.	 0.	0.234997	 0.	 0.
0.00385	 0.	 0.	 0.	0.232273	 0.	 0.
0.00386	 0.	 0.	 0.	0.22958	 0.	 0.
0.00387	 0.	 0.	 0.	0.226918	 0.	 0.
0.00388	 0.	 0.	 0.	0.224288	 0.	 0.
0.00389	 0.	 0.	 0.	0.221687	 0.	 0.
0.0039	 0.	 0.	 0.	0.219117	 0.	 0.
0.00391	 0.	 0.	 0.	0.216577	 0.	 0.
0.00392	 0.	 0.	 0.	0.214066	 0.	 0.
0.00393	 0.	 0.	 0.	0.211585	 0.	 0.
0.00394	 0.	 0.	 0.	0.209132	 0.	 0.
0.00395	 0.	 0.	 0.	0.206707	 0.	 0.
0.00396	 0.	 0.	 0.	0.204311	 0.	 0.
0.00397	 0.	 0.	 0.	0.201942	 0.	 0.
0.00398	 0.	 0.	 0.	0.199601	 0.	 0.
0.00399	 0.	 0.	 0.	0.197287	 0.	 0.
0.004	 0.	 0.	 0.	0.195	 0.	 0.
0.00401	 0.	 0.	 0.	0.193317	 0.	 0.
0.00402	 0.	 0.	 0.	0.191648	 0.	 0.
0.00403	 0.	 0.	 0.	0.189993	 0.	 0.
0.00404	 0.	 0.	 0.	0.188353	 0.	 0.
0.00405	 0.	 0.	 0.	0.186727	 0.	 0.
0.00406	 0.	 0.	 0.	0.185115	 0.	 0.
0.00407	 0.	 0.	 0.	0.183517	 0.	 0.
0.00408	 0.	 0.	 0.	0.181933	 0.	 0.
0.00409	 0.	 0.	 0.	0.180362	 0.	 0.
0.0041	 0.	 0.	 0.	0.178805	 0.	 0.
0.00411	 0.	 0.	 0.	0.177262	 0.	 0.
0.00412	 0.	 0.	 0.	0.175732	 0.	 0.
0.00413	 0.	 0.	 0.	0.174215	 0.	 0.
0.00414	 0.	 0.	 0.	0.172711	 0.	 0.
0.00415	 0.	 0.	 0.	0.17122	 0.	 0.
0.00416	 0.	 0.	 0.	0.169742	 0.	 0.
0.00417	 0.	 0.	 0.	0.168276	 0.	 0.
0.00418	 0.	 0.	 0.	0.166824	 0.	 0.
0.00419	 0.	 0.	 0.	0.165383	 0.	 0.
0.0042	 0.	 0.	 0.	0.163956	 0.	 0.
0.00421	 0.	 0.	 0.	0.16254	 0.	 0.
0.00422	 0.	 0.	 0.	0.161137	 0.	 0.
0.00423	 0.	 0.	 0.	0.159746	 0.	 0.
0.00424	 0.	 0.	 0.	0.158367	 0.	 0.
0.00425	 0.	 0.	 0.	0.157	 0.	 0.
0.00426	 0.	 0.	 0.	0.154948	 0.	 0.
0.00427	 0.	 0.	 0.	0.152923	 0.	 0.
0.00428	 0.	 0.	 0.	0.150925	 0.	 0.
0.00429	 0.	 0.	 0.	0.148953	 0.	 0.
0.0043	 0.	 0.	 0.	0.147006	 0.	 0.
0.00431	 0.	 0.	 0.	0.145085	 0.	 0.
0.00432	 0.	 0.	 0.	0.143189	 0.	 0.
0.00433	 0.	 0.	 0.	0.141318	 0.	 0.
0.00434	 0.	 0.	 0.	0.139471	 0.	 0.
0.00435	 0.	 0.	 0.	0.137648	 0.	 0.
0.00436	 0.	 0.	 0.	0.13585	 0.	 0.
0.00437	 0.	 0.	 0.	0.134074	 0.	 0.
0.00438	 0.	 0.	 0.	0.132322	 0.	 0.
0.00439	 0.	 0.	 0.	0.130593	 0.	 0.
0.0044	 0.	 0.	 0.	0.128886	 0.	 0.
0.00441	 0.	 0.	 0.	0.127202	 0.	 0.
0.00442	 0.	 0.	 0.	0.12554	 0.	 0.
0.00443	 0.	 0.	 0.	0.123899	 0.	 0.
0.00444	 0.	 0.	 0.	0.12228	 0.	 0.
0.00445	 0.	 0.	 0.	0.120682	 0.	 0.
0.00446	 0.	 0.	 0.	0.119105	 0.	 0.
0.00447	 0.	 0.	 0.	0.117548	 0.	 0.
0.00448	 0.	 0.	 0.	0.116012	 0.	 0.
0.00449	 0.	 0.	 0.	0.114496	 0.	 0.
0.0045	 0.	 0.	 0.	0.113	 0.	 0.
0.00451	 0.	 0.	 0.	0.11163	 0.	 0.
0.00452	 0.	 0.	 0.	0.110277	 0.	 0.
0.00453	 0.	 0.	 0.	0.10894	 0.	 0.
0.00454	 0.	 0.	 0.	0.107619	 0.	 0.
0.00455	 0.	 0.	 0.	0.106314	 0.	 0.
0.00456	 0.	 0.	 0.	0.105025	 0.	 0.
0.00457	 0.	 0.	 0.	0.103752	 0.	 0.
0.00458	 0.	 0.	 0.	0.102494	 0.	 0.
0.00459	 0.	 0.	 0.	0.101252	 0.	 0.
0.0046	 0.	 0.	 0.	0.100024	 0.	 0.
0.00461	 0.	 0.	 0.	0.0988116	 0.	 0.
0.00462	 0.	 0.	 0.	0.0976136	 0.	 0.
0.00463	 0.	 0.	 0.	0.0964302	 0.	 0.
0.00464	 0.	 0.	 0.	0.0952611	 0.	 0.
0.00465	 0.	 0.	 0.	0.0941062	 0.	 0.
0.00466	 0.	 0.	 0.	0.0929653	 0.	 0.
0.00467	 0.	 0.	 0.	0.0918383	 0.	 0.
0.00468	 0.	 0.	 0.	0.0907249	 0.	 0.
0.00469	 0.	 0.	 0.	0.089625	 0.	 0.
0.0047	 0.	 0.	 0.	0.0885384	 0.	 0.
0.00471	 0.	 0.	 0.	0.087465	 0.	 0.
0.00472	 0.	 0.	 0.	0.0864046	 0.	 0.
0.00473	 0.	 0.	 0.	0.0853571	 0.	 0.
0.00474	 0.	 0.	 0.	0.0843223	 0.	 0.
0.00475	 0.	 0.	 0.	0.0833	 0.	 0.
0.00476	 0.	 0.	 0.	0.0822844	 0.	 0.
0.00477	 0.	 0.	 0.	0.0812812	 0.	 0.
0.00478	 0.	 0.	 0.	0.0802903	 0.	 0.
0.00479	 0.	 0.	 0.	0.0793114	 0.	 0.
0.0048	 0.	 0.	 0.	0.0783444	 0.	 0.
0.00481	 0.	 0.	 0.	0.0773893	 0.	 0.
0.00482	 0.	 0.	 0.	0.0764457	 0.	 0.
0.00483	 0.	 0.	 0.	0.0755137	 0.	 0.
0.00484	 0.	 0.	 0.	0.0745931	 0.	 0.
0.00485	 0.	 0.	 0.	0.0736837	 0.	 0.
0.00486	 0.	 0.	 0.	0.0727853	 0.	 0.
0.00487	 0.	 0.	 0.	0.0718979	 0.	 0.
0.00488	 0.	 0.	 0.	0.0710214	 0.	 0.
0.00489	 0.	 0.	 0.	0.0701555	 0.	 0.
0.0049	 0.	 0.	 0.	0.0693002	 0.	 0.
0.00491	 0.	 0.	 0.	0.0684553	 0.	 0.
0.00492	 0.	 0.	 0.	0.0676207	 0.	 0.
0.00493	 0.	 0.	 0.	0.0667963	 0.	 0.
0.00494	 0.	 0.	 0.	0.0659819	 0.	 0.
0.00495	 0.	 0.	 0.	0.0651775	 0.	 0.
0.00496	 0.	 0.	 0.	0.0643828	 0.	 0.
0.00497	 0.	 0.	 0.	0.0635979	 0.	 0.
0.00498	 0.	 0.	 0.	0.0628225	 0.	 0.
0.00499	 0.	 0.	 0.	0.0620566	 0.	 0.
0.005	 0.	 0.	 0.	0.0613	 0.	 0.
0.00501	 0.	 0.	 0.	0.0607183	 0.	 0.
0.00502	 0.	 0.	 0.	0.0601422	 0.	 0.
0.00503	 0.	 0.	 0.	0.0595715	 0.	 0.
0.00504	 0.	 0.	 0.	0.0590063	 0.	 0.
0.00505	 0.	 0.	 0.	0.0584464	 0.	 0.
0.00506	 0.	 0.	 0.	0.0578918	 0.	 0.
0.00507	 0.	 0.	 0.	0.0573425	 0.	 0.
0.00508	 0.	 0.	 0.	0.0567984	 0.	 0.
0.00509	 0.	 0.	 0.	0.0562595	 0.	 0.
0.0051	 0.	 0.	 0.	0.0557256	 0.	 0.
0.00511	 0.	 0.	 0.	0.0551969	 0.	 0.
0.00512	 0.	 0.	 0.	0.0546731	 0.	 0.
0.00513	 0.	 0.	 0.	0.0541544	 0.	 0.
0.00514	 0.	 0.	 0.	0.0536405	 0.	 0.
0.00515	 0.	 0.	 0.	0.0531315	 0.	 0.
0.00516	 0.	 0.	 0.	0.0526274	 0.	 0.
0.00517	 0.	 0.	 0.	0.052128	 0.	 0.
0.00518	 0.	 0.	 0.	0.0516334	 0.	 0.
0.00519	 0.	 0.	 0.	0.0511435	 0.	 0.
0.0052	 0.	 0.	 0.	0.0506582	 0.	 0.
0.00521	 0.	 0.	 0.	0.0501775	 0.	 0.
0.00522	 0.	 0.	 0.	0.0497014	 0.	 0.
0.00523	 0.	 0.	 0.	0.0492298	 0.	 0.
0.00524	 0.	 0.	 0.	0.0487627	 0.	 0.
0.00525	 0.	 0.	 0.	0.0483	 0.	 0.
0.00526	 0.	 0.	 0.	0.0477034	 0.	 0.
0.00527	 0.	 0.	 0.	0.0471142	 0.	 0.
0.00528	 0.	 0.	 0.	0.0465322	 0.	 0.
0.00529	 0.	 0.	 0.	0.0459575	 0.	 0.
0.0053	 0.	 0.	 0.	0.0453898	 0.	 0.
0.00531	 0.	 0.	 0.	0.0448292	 0.	 0.
0.00532	 0.	 0.	 0.	0.0442754	 0.	 0.
0.00533	 0.	 0.	 0.	0.0437286	 0.	 0.
0.00534	 0.	 0.	 0.	0.0431884	 0.	 0.
0.00535	 0.	 0.	 0.	0.042655	 0.	 0.
0.00536	 0.	 0.	 0.	0.0421281	 0.	 0.
0.00537	 0.	 0.	 0.	0.0416077	 0.	 0.
0.00538	 0.	 0.	 0.	0.0410938	 0.	 0.
0.00539	 0.	 0.	 0.	0.0405862	 0.	 0.
0.0054	 0.	 0.	 0.	0.0400849	 0.	 0.
0.00541	 0.	 0.	 0.	0.0395898	 0.	 0.
0.00542	 0.	 0.	 0.	0.0391008	 0.	 0.
0.00543	 0.	 0.	 0.	0.0386178	 0.	 0.
0.00544	 0.	 0.	 0.	0.0381408	 0.	 0.
0.00545	 0.	 0.	 0.	0.0376697	 0.	 0.
0.00546	 0.	 0.	 0.	0.0372044	 0.	 0.
0.00547	 0.	 0.	 0.	0.0367449	 0.	 0.
0.00548	 0.	 0.	 0.	0.036291	 0.	 0.
0.00549	 0.	 0.	 0.	0.0358427	 0.	 0.
0.0055	 0.	 0.	 0.	0.0354	 0.	 0.
0.00551	 0.	 0.	 0.	0.0351284	 0.	 0.
0.00552	 0.	 0.	 0.	0.0348589	 0.	 0.
0.00553	 0.	 0.	 0.	0.0345915	 0.	 0.
0.00554	 0.	 0.	 0.	0.0343261	 0.	 0.
0.00555	 0.	 0.	 0.	0.0340627	 0.	 0.
0.00556	 0.	 0.	 0.	0.0338014	 0.	 0.
0.00557	 0.	 0.	 0.	0.033542	 0.	 0.
0.00558	 0.	 0.	 0.	0.0332847	 0.	 0.
0.00559	 0.	 0.	 0.	0.0330293	 0.	 0.
0.0056	 0.	 0.	 0.	0.0327759	 0.	 0.
0.00561	 0.	 0.	 0.	0.0325245	 0.	 0.
0.00562	 0.	 0.	 0.	0.0322749	 0.	 0.
0.00563	 0.	 0.	 0.	0.0320273	 0.	 0.
0.00564	 0.	 0.	 0.	0.0317816	 0.	 0.
0.00565	 0.	 0.	 0.	0.0315378	 0.	 0.
0.00566	 0.	 0.	 0.	0.0312958	 0.	 0.
0.00567	 0.	 0.	 0.	0.0310557	 0.	 0.
0.00568	 0.	 0.	 0.	0.0308174	 0.	 0.
0.00569	 0.	 0.	 0.	0.030581	 0.	 0.
0.0057	 0.	 0.	 0.	0.0303464	 0.	 0.
0.00571	 0.	 0.	 0.	0.0301136	 0.	 0.
0.00572	 0.	 0.	 0.	0.0298825	 0.	 0.
0.00573	 0.	 0.	 0.	0.0296533	 0.	 0.
0.00574	 0.	 0.	 0.	0.0294258	 0.	 0.
0.00575	 0.	 0.	 0.	0.0292	 0.	 0.
0.00576	 0.	 0.	 0.	0.0287144	 0.	 0.
0.00577	 0.	 0.	 0.	0.0282369	 0.	 0.
0.00578	 0.	 0.	 0.	0.0277673	 0.	 0.
0.00579	 0.	 0.	 0.	0.0273055	 0.	 0.
0.0058	 0.	 0.	 0.	0.0268514	 0.	 0.
0.00581	 0.	 0.	 0.	0.0264048	 0.	 0.
0.00582	 0.	 0.	 0.	0.0259657	 0.	 0.
0.00583	 0.	 0.	 0.	0.0255339	 0.	 0.
0.00584	 0.	 0.	 0.	0.0251092	 0.	 0.
0.00585	 0.	 0.	 0.	0.0246917	 0.	 0.
0.00586	 0.	 0.	 0.	0.024281	 0.	 0.
0.00587	 0.	 0.	 0.	0.0238772	 0.	 0.
0.00588	 0.	 0.	 0.	0.0234801	 0.	 0.
0.00589	 0.	 0.	 0.	0.0230896	 0.	 0.
0.0059	 0.	 0.	 0.	0.0227056	 0.	 0.
0.00591	 0.	 0.	 0.	0.022328	 0.	 0.
0.00592	 0.	 0.	 0.	0.0219567	 0.	 0.
0.00593	 0.	 0.	 0.	0.0215916	 0.	 0.
0.00594	 0.	 0.	 0.	0.0212325	 0.	 0.
0.00595	 0.	 0.	 0.	0.0208794	 0.	 0.
0.00596	 0.	 0.	 0.	0.0205321	 0.	 0.
0.00597	 0.	 0.	 0.	0.0201907	 0.	 0.
0.00598	 0.	 0.	 0.	0.0198549	 0.	 0.
0.00599	 0.	 0.	 0.	0.0195247	 0.	 0.
0.006	 0.	 0.	 0.	0.0192	 0.	 0.
0.00601	 0.	 0.	 0.	0.0188911	 0.	 0.
0.00602	 0.	 0.	 0.	0.0185872	 0.	 0.
0.00603	 0.	 0.	 0.	0.0182882	 0.	 0.
0.00604	 0.	 0.	 0.	0.017994	 0.	 0.
0.00605	 0.	 0.	 0.	0.0177045	 0.	 0.
0.00606	 0.	 0.	 0.	0.0174196	 0.	 0.
0.00607	 0.	 0.	 0.	0.0171394	 0.	 0.
0.00608	 0.	 0.	 0.	0.0168637	 0.	 0.
0.00609	 0.	 0.	 0.	0.0165924	 0.	 0.
0.0061	 0.	 0.	 0.	0.0163254	 0.	 0.
0.00611	 0.	 0.	 0.	0.0160628	 0.	 0.
0.00612	 0.	 0.	 0.	0.0158044	 0.	 0.
0.00613	 0.	 0.	 0.	0.0155501	 0.	 0.
0.00614	 0.	 0.	 0.	0.0153	 0.	 0.
0.00615	 0.	 0.	 0.	0.0150538	 0.	 0.
0.00616	 0.	 0.	 0.	0.0148116	 0.	 0.
0.00617	 0.	 0.	 0.	0.0145733	 0.	 0.
0.00618	 0.	 0.	 0.	0.0143389	 0.	 0.
0.00619	 0.	 0.	 0.	0.0141082	 0.	 0.
0.0062	 0.	 0.	 0.	0.0138812	 0.	 0.
0.00621	 0.	 0.	 0.	0.0136579	 0.	 0.
0.00622	 0.	 0.	 0.	0.0134382	 0.	 0.
0.00623	 0.	 0.	 0.	0.013222	 0.	 0.
0.00624	 0.	 0.	 0.	0.0130093	 0.	 0.
0.00625	 0.	 0.	 0.	0.0128	 0.	 0.
0.00626	 0.	 0.	 0.	0.0126732	 0.	 0.
0.00627	 0.	 0.	 0.	0.0125477	 0.	 0.
0.00628	 0.	 0.	 0.	0.0124234	 0.	 0.
0.00629	 0.	 0.	 0.	0.0123003	 0.	 0.
0.0063	 0.	 0.	 0.	0.0121785	 0.	 0.
0.00631	 0.	 0.	 0.	0.0120579	 0.	 0.
0.00632	 0.	 0.	 0.	0.0119384	 0.	 0.
0.00633	 0.	 0.	 0.	0.0118202	 0.	 0.
0.00634	 0.	 0.	 0.	0.0117031	 0.	 0.
0.00635	 0.	 0.	 0.	0.0115872	 0.	 0.
0.00636	 0.	 0.	 0.	0.0114724	 0.	 0.
0.00637	 0.	 0.	 0.	0.0113588	 0.	 0.
0.00638	 0.	 0.	 0.	0.0112463	 0.	 0.
0.00639	 0.	 0.	 0.	0.0111349	 0.	 0.
0.0064	 0.	 0.	 0.	0.0110246	 0.	 0.
0.00641	 0.	 0.	 0.	0.0109154	 0.	 0.
0.00642	 0.	 0.	 0.	0.0108073	 0.	 0.
0.00643	 0.	 0.	 0.	0.0107002	 0.	 0.
0.00644	 0.	 0.	 0.	0.0105942	 0.	 0.
0.00645	 0.	 0.	 0.	0.0104893	 0.	 0.
0.00646	 0.	 0.	 0.	0.0103854	 0.	 0.
0.00647	 0.	 0.	 0.	0.0102825	 0.	 0.
0.00648	 0.	 0.	 0.	0.0101807	 0.	 0.
0.00649	 0.	 0.	 0.	0.0100798	 0.	 0.
0.0065	 0.	 0.	 0.	0.00998	 0.	 0.
0.00651	 0.	 0.	 0.	0.00986871	 0.	 0.
0.00652	 0.	 0.	 0.	0.00975865	 0.	 0.
0.00653	 0.	 0.	 0.	0.00964983	 0.	 0.
0.00654	 0.	 0.	 0.	0.00954221	 0.	 0.
0.00655	 0.	 0.	 0.	0.0094358	 0.	 0.
0.00656	 0.	 0.	 0.	0.00933057	 0.	 0.
0.00657	 0.	 0.	 0.	0.00922652	 0.	 0.
0.00658	 0.	 0.	 0.	0.00912363	 0.	 0.
0.00659	 0.	 0.	 0.	0.00902188	 0.	 0.
0.0066	 0.	 0.	 0.	0.00892127	 0.	 0.
0.00661	 0.	 0.	 0.	0.00882179	 0.	 0.
0.00662	 0.	 0.	 0.	0.00872341	 0.	 0.
0.00663	 0.	 0.	 0.	0.00862613	 0.	 0.
0.00664	 0.	 0.	 0.	0.00852993	 0.	 0.
0.00665	 0.	 0.	 0.	0.0084348	 0.	 0.
0.00666	 0.	 0.	 0.	0.00834074	 0.	 0.
0.00667	 0.	 0.	 0.	0.00824773	 0.	 0.
0.00668	 0.	 0.	 0.	0.00815575	 0.	 0.
0.00669	 0.	 0.	 0.	0.0080648	 0.	 0.
0.0067	 0.	 0.	 0.	0.00797486	 0.	 0.
0.00671	 0.	 0.	 0.	0.00788593	 0.	 0.
0.00672	 0.	 0.	 0.	0.00779799	 0.	 0.
0.00673	 0.	 0.	 0.	0.00771102	 0.	 0.
0.00674	 0.	 0.	 0.	0.00762503	 0.	 0.
0.00675	 0.	 0.	 0.	0.00754	 0.	 0.
0.00676	 0.	 0.	 0.	0.00741593	 0.	 0.
0.00677	 0.	 0.	 0.	0.0072939	 0.	 0.
0.00678	 0.	 0.	 0.	0.00717388	 0.	 0.
0.00679	 0.	 0.	 0.	0.00705584	 0.	 0.
0.0068	 0.	 0.	 0.	0.00693974	 0.	 0.
0.00681	 0.	 0.	 0.	0.00682554	 0.	 0.
0.00682	 0.	 0.	 0.	0.00671323	 0.	 0.
0.00683	 0.	 0.	 0.	0.00660277	 0.	 0.
0.00684	 0.	 0.	 0.	0.00649412	 0.	 0.
0.00685	 0.	 0.	 0.	0.00638726	 0.	 0.
0.00686	 0.	 0.	 0.	0.00628216	 0.	 0.
0.00687	 0.	 0.	 0.	0.00617879	 0.	 0.
0.00688	 0.	 0.	 0.	0.00607712	 0.	 0.
0.00689	 0.	 0.	 0.	0.00597712	 0.	 0.
0.0069	 0.	 0.	 0.	0.00587877	 0.	 0.
0.00691	 0.	 0.	 0.	0.00578203	 0.	 0.
0.00692	 0.	 0.	 0.	0.00568689	 0.	 0.
0.00693	 0.	 0.	 0.	0.00559331	 0.	 0.
0.00694	 0.	 0.	 0.	0.00550128	 0.	 0.
0.00695	 0.	 0.	 0.	0.00541075	 0.	 0.
0.00696	 0.	 0.	 0.	0.00532172	 0.	 0.
0.00697	 0.	 0.	 0.	0.00523415	 0.	 0.
0.00698	 0.	 0.	 0.	0.00514803	 0.	 0.
0.00699	 0.	 0.	 0.	0.00506332	 0.	 0.
0.007	 0.	 0.	 0.	0.00498	 0.	 0.
0.00701	 0.	 0.	 0.	0.00489631	 0.	 0.
0.00702	 0.	 0.	 0.	0.00481403	 0.	 0.
0.00703	 0.	 0.	 0.	0.00473312	 0.	 0.
0.00704	 0.	 0.	 0.	0.00465358	 0.	 0.
0.00705	 0.	 0.	 0.	0.00457538	 0.	 0.
0.00706	 0.	 0.	 0.	0.00449849	 0.	 0.
0.00707	 0.	 0.	 0.	0.00442289	 0.	 0.
0.00708	 0.	 0.	 0.	0.00434856	 0.	 0.
0.00709	 0.	 0.	 0.	0.00427548	 0.	 0.
0.0071	 0.	 0.	 0.	0.00420363	 0.	 0.
0.00711	 0.	 0.	 0.	0.00413299	 0.	 0.
0.00712	 0.	 0.	 0.	0.00406353	 0.	 0.
0.00713	 0.	 0.	 0.	0.00399524	 0.	 0.
0.00714	 0.	 0.	 0.	0.0039281	 0.	 0.
0.00715	 0.	 0.	 0.	0.00386209	 0.	 0.
0.00716	 0.	 0.	 0.	0.00379719	 0.	 0.
0.00717	 0.	 0.	 0.	0.00373337	 0.	 0.
0.00718	 0.	 0.	 0.	0.00367063	 0.	 0.
0.00719	 0.	 0.	 0.	0.00360895	 0.	 0.
0.0072	 0.	 0.	 0.	0.0035483	 0.	 0.
0.00721	 0.	 0.	 0.	0.00348867	 0.	 0.
0.00722	 0.	 0.	 0.	0.00343004	 0.	 0.
0.00723	 0.	 0.	 0.	0.0033724	 0.	 0.
0.00724	 0.	 0.	 0.	0.00331572	 0.	 0.
0.00725	 0.	 0.	 0.	0.00326	 0.	 0.
0.00726	 0.	 0.	 0.	0.00319367	 0.	 0.
0.00727	 0.	 0.	 0.	0.00312869	 0.	 0.
0.00728	 0.	 0.	 0.	0.00306504	 0.	 0.
0.00729	 0.	 0.	 0.	0.00300267	 0.	 0.
0.0073	 0.	 0.	 0.	0.00294158	 0.	 0.
0.00731	 0.	 0.	 0.	0.00288173	 0.	 0.
0.00732	 0.	 0.	 0.	0.0028231	 0.	 0.
0.00733	 0.	 0.	 0.	0.00276566	 0.	 0.
0.00734	 0.	 0.	 0.	0.00270939	 0.	 0.
0.00735	 0.	 0.	 0.	0.00265427	 0.	 0.
0.00736	 0.	 0.	 0.	0.00260026	 0.	 0.
0.00737	 0.	 0.	 0.	0.00254736	 0.	 0.
0.00738	 0.	 0.	 0.	0.00249553	 0.	 0.
0.00739	 0.	 0.	 0.	0.00244475	 0.	 0.
0.0074	 0.	 0.	 0.	0.00239501	 0.	 0.
0.00741	 0.	 0.	 0.	0.00234628	 0.	 0.
0.00742	 0.	 0.	 0.	0.00229855	 0.	 0.
0.00743	 0.	 0.	 0.	0.00225178	 0.	 0.
0.00744	 0.	 0.	 0.	0.00220596	 0.	 0.
0.00745	 0.	 0.	 0.	0.00216108	 0.	 0.
0.00746	 0.	 0.	 0.	0.00211711	 0.	 0.
0.00747	 0.	 0.	 0.	0.00207404	 0.	 0.
0.00748	 0.	 0.	 0.	0.00203184	 0.	 0.
0.00749	 0.	 0.	 0.	0.0019905	 0.	 0.
0.0075	 0.	 0.	 0.	0.00195	 0.	 0.
0.00751	 0.	 0.	 0.	0.00188603	 0.	 0.
0.00752	 0.	 0.	 0.	0.00182416	 0.	 0.
0.00753	 0.	 0.	 0.	0.00176432	 0.	 0.
0.00754	 0.	 0.	 0.	0.00170644	 0.	 0.
0.00755	 0.	 0.	 0.	0.00165046	 0.	 0.
0.00756	 0.	 0.	 0.	0.00159631	 0.	 0.
0.00757	 0.	 0.	 0.	0.00154395	 0.	 0.
0.00758	 0.	 0.	 0.	0.0014933	 0.	 0.
0.00759	 0.	 0.	 0.	0.00144431	 0.	 0.
0.0076	 0.	 0.	 0.	0.00139693	 0.	 0.
0.00761	 0.	 0.	 0.	0.0013511	 0.	 0.
0.00762	 0.	 0.	 0.	0.00130678	 0.	 0.
0.00763	 0.	 0.	 0.	0.00126391	 0.	 0.
0.00764	 0.	 0.	 0.	0.00122245	 0.	 0.
0.00765	 0.	 0.	 0.	0.00118234	 0.	 0.
0.00766	 0.	 0.	 0.	0.00114356	 0.	 0.
0.00767	 0.	 0.	 0.	0.00110604	 0.	 0.
0.00768	 0.	 0.	 0.	0.00106976	 0.	 0.
0.00769	 0.	 0.	 0.	0.00103466	 0.	 0.
0.0077	 0.	 0.	 0.	0.00100072	 0.	 0.
0.00771	 0.	 0.	 0.	0.000967894	 0.	 0.
0.00772	 0.	 0.	 0.	0.000936142	 0.	 0.
0.00773	 0.	 0.	 0.	0.000905431	 0.	 0.
0.00774	 0.	 0.	 0.	0.000875728	 0.	 0.
0.00775	 0.	 0.	 0.	0.000847	 0.	 0.
0.00776	 0.	 0.	 0.	0.000834668	 0.	 0.
0.00777	 0.	 0.	 0.	0.000822515	 0.	 0.
0.00778	 0.	 0.	 0.	0.000810539	 0.	 0.
0.00779	 0.	 0.	 0.	0.000798738	 0.	 0.
0.0078	 0.	 0.	 0.	0.000787108	 0.	 0.
0.00781	 0.	 0.	 0.	0.000775648	 0.	 0.
0.00782	 0.	 0.	 0.	0.000764354	 0.	 0.
0.00783	 0.	 0.	 0.	0.000753225	 0.	 0.
0.00784	 0.	 0.	 0.	0.000742258	 0.	 0.
0.00785	 0.	 0.	 0.	0.000731451	 0.	 0.
0.00786	 0.	 0.	 0.	0.000720801	 0.	 0.
0.00787	 0.	 0.	 0.	0.000710306	 0.	 0.
0.00788	 0.	 0.	 0.	0.000699964	 0.	 0.
0.00789	 0.	 0.	 0.	0.000689773	 0.	 0.
0.0079	 0.	 0.	 0.	0.00067973	 0.	 0.
0.00791	 0.	 0.	 0.	0.000669833	 0.	 0.
0.00792	 0.	 0.	 0.	0.00066008	 0.	 0.
0.00793	 0.	 0.	 0.	0.000650469	 0.	 0.
0.00794	 0.	 0.	 0.	0.000640998	 0.	 0.
0.00795	 0.	 0.	 0.	0.000631666	 0.	 0.
0.00796	 0.	 0.	 0.	0.000622468	 0.	 0.
0.00797	 0.	 0.	 0.	0.000613405	 0.	 0.
0.00798	 0.	 0.	 0.	0.000604474	 0.	 0.
0.00799	 0.	 0.	 0.	0.000595673	 0.	 0.
0.008	 0.	 0.	 0.	0.000587	 0.	 0.
0.00801	 0.	 0.	 0.	0.000578453	 0.	 0.
0.00802	 0.	 0.	 0.	0.000570031	 0.	 0.
0.00803	 0.	 0.	 0.	0.000561731	 0.	 0.
0.00804	 0.	 0.	 0.	0.000553553	 0.	 0.
0.00805	 0.	 0.	 0.	0.000545493	 0.	 0.
0.00806	 0.	 0.	 0.	0.00053755	 0.	 0.
0.00807	 0.	 0.	 0.	0.000529724	 0.	 0.
0.00808	 0.	 0.	 0.	0.000522011	 0.	 0.
0.00809	 0.	 0.	 0.	0.00051441	 0.	 0.
0.0081	 0.	 0.	 0.	0.000506921	 0.	 0.
0.00811	 0.	 0.	 0.	0.00049954	 0.	 0.
0.00812	 0.	 0.	 0.	0.000492267	 0.	 0.
0.00813	 0.	 0.	 0.	0.000485099	 0.	 0.
0.00814	 0.	 0.	 0.	0.000478036	 0.	 0.
0.00815	 0.	 0.	 0.	0.000471076	 0.	 0.
0.00816	 0.	 0.	 0.	0.000464217	 0.	 0.
0.00817	 0.	 0.	 0.	0.000457458	 0.	 0.
0.00818	 0.	 0.	 0.	0.000450797	 0.	 0.
0.00819	 0.	 0.	 0.	0.000444234	 0.	 0.
0.0082	 0.	 0.	 0.	0.000437766	 0.	 0.
0.00821	 0.	 0.	 0.	0.000431392	 0.	 0.
0.00822	 0.	 0.	 0.	0.000425111	 0.	 0.
0.00823	 0.	 0.	 0.	0.000418921	 0.	 0.
0.00824	 0.	 0.	 0.	0.000412822	 0.	 0.
0.00825	 0.	 0.	 0.	0.000406811	 0.	 0.
0.00826	 0.	 0.	 0.	0.000400888	 0.	 0.
0.00827	 0.	 0.	 0.	0.000395051	 0.	 0.
0.00828	 0.	 0.	 0.	0.000389299	 0.	 0.
0.00829	 0.	 0.	 0.	0.000383631	 0.	 0.
0.0083	 0.	 0.	 0.	0.000378045	 0.	 0.
0.00831	 0.	 0.	 0.	0.000372541	 0.	 0.
0.00832	 0.	 0.	 0.	0.000367117	 0.	 0.
0.00833	 0.	 0.	 0.	0.000361771	 0.	 0.
0.00834	 0.	 0.	 0.	0.000356504	 0.	 0.
0.00835	 0.	 0.	 0.	0.000351313	 0.	 0.
0.00836	 0.	 0.	 0.	0.000346198	 0.	 0.
0.00837	 0.	 0.	 0.	0.000341158	 0.	 0.
0.00838	 0.	 0.	 0.	0.00033619	 0.	 0.
0.00839	 0.	 0.	 0.	0.000331295	 0.	 0.
0.0084	 0.	 0.	 0.	0.000326472	 0.	 0.
0.00841	 0.	 0.	 0.	0.000321718	 0.	 0.
0.00842	 0.	 0.	 0.	0.000317034	 0.	 0.
0.00843	 0.	 0.	 0.	0.000312418	 0.	 0.
0.00844	 0.	 0.	 0.	0.000307869	 0.	 0.
0.00845	 0.	 0.	 0.	0.000303387	 0.	 0.
0.00846	 0.	 0.	 0.	0.000298969	 0.	 0.
0.00847	 0.	 0.	 0.	0.000294616	 0.	 0.
0.00848	 0.	 0.	 0.	0.000290327	 0.	 0.
0.00849	 0.	 0.	 0.	0.0002861	 0.	 0.
0.0085	 0.	 0.	 0.	0.000281934	 0.	 0.
0.00851	 0.	 0.	 0.	0.000277829	 0.	 0.
0.00852	 0.	 0.	 0.	0.000273784	 0.	 0.
0.00853	 0.	 0.	 0.	0.000269798	 0.	 0.
0.00854	 0.	 0.	 0.	0.000265869	 0.	 0.
0.00855	 0.	 0.	 0.	0.000261998	 0.	 0.
0.00856	 0.	 0.	 0.	0.000258184	 0.	 0.
0.00857	 0.	 0.	 0.	0.000254424	 0.	 0.
0.00858	 0.	 0.	 0.	0.00025072	 0.	 0.
0.00859	 0.	 0.	 0.	0.00024707	 0.	 0.
0.0086	 0.	 0.	 0.	0.000243472	 0.	 0.
0.00861	 0.	 0.	 0.	0.000239927	 0.	 0.
0.00862	 0.	 0.	 0.	0.000236434	 0.	 0.
0.00863	 0.	 0.	 0.	0.000232991	 0.	 0.
0.00864	 0.	 0.	 0.	0.000229599	 0.	 0.
0.00865	 0.	 0.	 0.	0.000226256	 0.	 0.
0.00866	 0.	 0.	 0.	0.000222962	 0.	 0.
0.00867	 0.	 0.	 0.	0.000219715	 0.	 0.
0.00868	 0.	 0.	 0.	0.000216516	 0.	 0.
0.00869	 0.	 0.	 0.	0.000213364	 0.	 0.
0.0087	 0.	 0.	 0.	0.000210257	 0.	 0.
0.00871	 0.	 0.	 0.	0.000207196	 0.	 0.
0.00872	 0.	 0.	 0.	0.000204179	 0.	 0.
0.00873	 0.	 0.	 0.	0.000201206	 0.	 0.
0.00874	 0.	 0.	 0.	0.000198277	 0.	 0.
0.00875	 0.	 0.	 0.	0.00019539	 0.	 0.
0.00876	 0.	 0.	 0.	0.000192545	 0.	 0.
0.00877	 0.	 0.	 0.	0.000189742	 0.	 0.
0.00878	 0.	 0.	 0.	0.000186979	 0.	 0.
0.00879	 0.	 0.	 0.	0.000184257	 0.	 0.
0.0088	 0.	 0.	 0.	0.000181574	 0.	 0.
0.00881	 0.	 0.	 0.	0.00017893	 0.	 0.
0.00882	 0.	 0.	 0.	0.000176325	 0.	 0.
0.00883	 0.	 0.	 0.	0.000173758	 0.	 0.
0.00884	 0.	 0.	 0.	0.000171228	 0.	 0.
0.00885	 0.	 0.	 0.	0.000168735	 0.	 0.
0.00886	 0.	 0.	 0.	0.000166278	 0.	 0.
0.00887	 0.	 0.	 0.	0.000163857	 0.	 0.
0.00888	 0.	 0.	 0.	0.000161471	 0.	 0.
0.00889	 0.	 0.	 0.	0.00015912	 0.	 0.
0.0089	 0.	 0.	 0.	0.000156803	 0.	 0.
0.00891	 0.	 0.	 0.	0.00015452	 0.	 0.
0.00892	 0.	 0.	 0.	0.00015227	 0.	 0.
0.00893	 0.	 0.	 0.	0.000150053	 0.	 0.
0.00894	 0.	 0.	 0.	0.000147869	 0.	 0.
0.00895	 0.	 0.	 0.	0.000145716	 0.	 0.
0.00896	 0.	 0.	 0.	0.000143594	 0.	 0.
0.00897	 0.	 0.	 0.	0.000141503	 0.	 0.
0.00898	 0.	 0.	 0.	0.000139443	 0.	 0.
0.00899	 0.	 0.	 0.	0.000137413	 0.	 0.
0.009	 0.	 0.	 0.	0.000135412	 0.	 0.
0.00901	 0.	 0.	 0.	0.00013344	 0.	 0.
0.00902	 0.	 0.	 0.	0.000131497	 0.	 0.
0.00903	 0.	 0.	 0.	0.000129583	 0.	 0.
0.00904	 0.	 0.	 0.	0.000127696	 0.	 0.
0.00905	 0.	 0.	 0.	0.000125837	 0.	 0.
0.00906	 0.	 0.	 0.	0.000124005	 0.	 0.
0.00907	 0.	 0.	 0.	0.000122199	 0.	 0.
0.00908	 0.	 0.	 0.	0.00012042	 0.	 0.
0.00909	 0.	 0.	 0.	0.000118667	 0.	 0.
0.0091	 0.	 0.	 0.	0.000116939	 0.	 0.
0.00911	 0.	 0.	 0.	0.000115236	 0.	 0.
0.00912	 0.	 0.	 0.	0.000113558	 0.	 0.
0.00913	 0.	 0.	 0.	0.000111905	 0.	 0.
0.00914	 0.	 0.	 0.	0.000110276	 0.	 0.
0.00915	 0.	 0.	 0.	0.00010867	 0.	 0.
0.00916	 0.	 0.	 0.	0.000107088	 0.	 0.
0.00917	 0.	 0.	 0.	0.000105529	 0.	 0.
0.00918	 0.	 0.	 0.	0.000103992	 0.	 0.
0.00919	 0.	 0.	 0.	0.000102478	 0.	 0.
0.0092	 0.	 0.	 0.	0.000100986	 0.	 0.
0.00921	 0.	 0.	 0.	0.0000995155	 0.	 0.
0.00922	 0.	 0.	 0.	0.0000980666	 0.	 0.
0.00923	 0.	 0.	 0.	0.0000966387	 0.	 0.
0.00924	 0.	 0.	 0.	0.0000952317	 0.	 0.
0.00925	 0.	 0.	 0.	0.0000938451	 0.	 0.
0.00926	 0.	 0.	 0.	0.0000924787	 0.	 0.
0.00927	 0.	 0.	 0.	0.0000911322	 0.	 0.
0.00928	 0.	 0.	 0.	0.0000898053	 0.	 0.
0.00929	 0.	 0.	 0.	0.0000884978	 0.	 0.
0.0093	 0.	 0.	 0.	0.0000872092	 0.	 0.
0.00931	 0.	 0.	 0.	0.0000859395	 0.	 0.
0.00932	 0.	 0.	 0.	0.0000846882	 0.	 0.
0.00933	 0.	 0.	 0.	0.0000834551	 0.	 0.
0.00934	 0.	 0.	 0.	0.00008224	 0.	 0.
0.00935	 0.	 0.	 0.	0.0000810426	 0.	 0.
0.00936	 0.	 0.	 0.	0.0000798626	 0.	 0.
0.00937	 0.	 0.	 0.	0.0000786998	 0.	 0.
0.00938	 0.	 0.	 0.	0.000077554	 0.	 0.
0.00939	 0.	 0.	 0.	0.0000764248	 0.	 0.
0.0094	 0.	 0.	 0.	0.000075312	 0.	 0.
0.00941	 0.	 0.	 0.	0.0000742155	 0.	 0.
0.00942	 0.	 0.	 0.	0.0000731349	 0.	 0.
0.00943	 0.	 0.	 0.	0.0000720701	 0.	 0.
0.00944	 0.	 0.	 0.	0.0000710207	 0.	 0.
0.00945	 0.	 0.	 0.	0.0000699867	 0.	 0.
0.00946	 0.	 0.	 0.	0.0000689677	 0.	 0.
0.00947	 0.	 0.	 0.	0.0000679635	 0.	 0.
0.00948	 0.	 0.	 0.	0.0000669739	 0.	 0.
0.00949	 0.	 0.	 0.	0.0000659988	 0.	 0.
0.0095	 0.	 0.	 0.	0.0000650379	 0.	 0.
0.00951	 0.	 0.	 0.	0.0000640909	 0.	 0.
0.00952	 0.	 0.	 0.	0.0000631577	 0.	 0.
0.00953	 0.	 0.	 0.	0.0000622382	 0.	 0.
0.00954	 0.	 0.	 0.	0.000061332	 0.	 0.
0.00955	 0.	 0.	 0.	0.000060439	 0.	 0.
0.00956	 0.	 0.	 0.	0.000059559	 0.	 0.
0.00957	 0.	 0.	 0.	0.0000586918	 0.	 0.
0.00958	 0.	 0.	 0.	0.0000578373	 0.	 0.
0.00959	 0.	 0.	 0.	0.0000569952	 0.	 0.
0.0096	 0.	 0.	 0.	0.0000561653	 0.	 0.
0.00961	 0.	 0.	 0.	0.0000553475	 0.	 0.
0.00962	 0.	 0.	 0.	0.0000545417	 0.	 0.
0.00963	 0.	 0.	 0.	0.0000537476	 0.	 0.
0.00964	 0.	 0.	 0.	0.000052965	 0.	 0.
0.00965	 0.	 0.	 0.	0.0000521938	 0.	 0.
0.00966	 0.	 0.	 0.	0.0000514339	 0.	 0.
0.00967	 0.	 0.	 0.	0.000050685	 0.	 0.
0.00968	 0.	 0.	 0.	0.000049947	 0.	 0.
0.00969	 0.	 0.	 0.	0.0000492198	 0.	 0.
0.0097	 0.	 0.	 0.	0.0000485032	 0.	 0.
0.00971	 0.	 0.	 0.	0.000047797	 0.	 0.
0.00972	 0.	 0.	 0.	0.000047101	 0.	 0.
0.00973	 0.	 0.	 0.	0.0000464152	 0.	 0.
0.00974	 0.	 0.	 0.	0.0000457394	 0.	 0.
0.00975	 0.	 0.	 0.	0.0000450735	 0.	 0.
0.00976	 0.	 0.	 0.	0.0000444172	 0.	 0.
0.00977	 0.	 0.	 0.	0.0000437705	 0.	 0.
0.00978	 0.	 0.	 0.	0.0000431332	 0.	 0.
0.00979	 0.	 0.	 0.	0.0000425052	 0.	 0.
0.0098	 0.	 0.	 0.	0.0000418863	 0.	 0.
0.00981	 0.	 0.	 0.	0.0000412764	 0.	 0.
0.00982	 0.	 0.	 0.	0.0000406754	 0.	 0.
0.00983	 0.	 0.	 0.	0.0000400832	 0.	 0.
0.00984	 0.	 0.	 0.	0.0000394996	 0.	 0.
0.00985	 0.	 0.	 0.	0.0000389245	 0.	 0.
0.00986	 0.	 0.	 0.	0.0000383577	 0.	 0.
0.00987	 0.	 0.	 0.	0.0000377993	 0.	 0.
0.00988	 0.	 0.	 0.	0.0000372489	 0.	 0.
0.00989	 0.	 0.	 0.	0.0000367065	 0.	 0.
0.0099	 0.	 0.	 0.	0.0000361721	 0.	 0.
0.00991	 0.	 0.	 0.	0.0000356454	 0.	 0.
0.00992	 0.	 0.	 0.	0.0000351264	 0.	 0.
0.00993	 0.	 0.	 0.	0.000034615	 0.	 0.
0.00994	 0.	 0.	 0.	0.000034111	 0.	 0.
0.00995	 0.	 0.	 0.	0.0000336143	 0.	 0.
0.00996	 0.	 0.	 0.	0.0000331249	 0.	 0.
0.00997	 0.	 0.	 0.	0.0000326426	 0.	 0.
0.00998	 0.	 0.	 0.	0.0000321673	 0.	 0.
0.00999	 0.	 0.	 0.	0.000031699	 0.	 0.
0.01	 0.	 0.	 0.	0.0000312375	 0.	 0.
