# This file contains an update to the standard inverse beta decay (IBD) cross section
# that comes packaged with GLoBES in ``XCCreactor.dat''
#
# This has been calculated from the first-order (in 1/M) correction to the differential
# cross section presented in the following reference:
#
##* @Article{Vogel:1999zy,
#*     author    = "Vogel, P. and Beacom, John F.",
#*     title     = "The angular distribution of the neutron inverse beta decay,
#*                  anti-nu/e + p --> e+ + n",
#*     journal   = "Phys. Rev.",
#*     volume    = "D60",
#*     year      = "1999",
#*     pages     = "053003",
#*     eprint    = "hep-ph/9903554",
#*     SLACcitation  = "%%CITATION = HEP-PH 9903554;%%"
#* }
#
# As a reminder, the energy column is given in GeV, and the ``cross section'' column
# is actually sigma/E in 10^{-38} cm^2/GeV
#
-2.7432341620583527	0.	0.	0.	0.00002997702376320134	0.	0.
-2.742234162058353	0.	0.	0.	0.0001562688354808862	0.	0.
-2.741234162058353	0.	0.	0.	0.0002498615201889703	0.	0.
-2.7402341620583526	0.	0.	0.	0.00031829542570606113	0.	0.
-2.7392341620583527	0.	0.	0.	0.00036914556883514547	0.	0.
-2.738234162058353	0.	0.	0.	0.0004114005124700882	0.	0.
-2.737234162058353	0.	0.	0.	0.0004542996185294406	0.	0.
-2.7362341620583526	0.	0.	0.	0.0004942508487706119	0.	0.
-2.7352341620583527	0.	0.	0.	0.0005325082542898145	0.	0.
-2.734234162058353	0.	0.	0.	0.000569192308956927	0.	0.
-2.733234162058353	0.	0.	0.	0.0006046335611072476	0.	0.
-2.7322341620583526	0.	0.	0.	0.0006390910324227675	0.	0.
-2.7312341620583527	0.	0.	0.	0.0006726684121793865	0.	0.
-2.730234162058353	0.	0.	0.	0.0007055661115625649	0.	0.
-2.729234162058353	0.	0.	0.	0.0007378353254991402	0.	0.
-2.7282341620583526	0.	0.	0.	0.0007695998351302014	0.	0.
-2.7272341620583527	0.	0.	0.	0.0008009137934729748	0.	0.
-2.726234162058353	0.	0.	0.	0.0008318441307847014	0.	0.
-2.725234162058353	0.	0.	0.	0.0008624460050557332	0.	0.
-2.7242341620583526	0.	0.	0.	0.000892756680795966	0.	0.
-2.7232341620583527	0.	0.	0.	0.0009228244915000128	0.	0.
-2.722234162058353	0.	0.	0.	0.0009526732029403211	0.	0.
-2.721234162058353	0.	0.	0.	0.0009823403356088924	0.	0.
-2.7202341620583526	0.	0.	0.	0.0010118460303104259	0.	0.
-2.7192341620583527	0.	0.	0.	0.0010412160819918666	0.	0.
-2.7182341620583528	0.	0.	0.	0.00107047024183815	0.	0.
-2.717234162058353	0.	0.	0.	0.0010996260482922199	0.	0.
-2.7162341620583526	0.	0.	0.	0.0011287016526138807	0.	0.
-2.7152341620583527	0.	0.	0.	0.0011577095212816325	0.	0.
-2.7142341620583528	0.	0.	0.	0.0011866657633738333	0.	0.
-2.713234162058353	0.	0.	0.	0.001215580017586001	0.	0.
-2.7122341620583525	0.	0.	0.	0.001244465255938888	0.	0.
-2.7112341620583527	0.	0.	0.	0.0012733303671448619	0.	0.
-2.7102341620583528	0.	0.	0.	0.0013021852804706404	0.	0.
-2.709234162058353	0.	0.	0.	0.0013310383613444826	0.	0.
-2.7082341620583525	0.	0.	0.	0.001359897280399414	0.	0.
-2.7072341620583527	0.	0.	0.	0.0013887697437942232	0.	0.
-2.7062341620583528	0.	0.	0.	0.0014176618196599666	0.	0.
-2.705234162058353	0.	0.	0.	0.0014465805018785793	0.	0.
-2.7042341620583525	0.	0.	0.	0.0014755307563999894	0.	0.
-2.7032341620583527	0.	0.	0.	0.0015045187303587462	0.	0.
-2.7022341620583528	0.	0.	0.	0.0015335487899005881	0.	0.
-2.701234162058353	0.	0.	0.	0.0015626260682189755	0.	0.
-2.7002341620583525	0.	0.	0.	0.0015917546602745498	0.	0.
-2.6992341620583526	0.	0.	0.	0.0016209388215984043	0.	0.
-2.6982341620583528	0.	0.	0.	0.001650182361067119	0.	0.
-2.697234162058353	0.	0.	0.	0.001679488852142937	0.	0.
-2.6962341620583525	0.	0.	0.	0.0017088618140896313	0.	0.
-2.6952341620583526	0.	0.	0.	0.0017383042875485095	0.	0.
-2.6942341620583528	0.	0.	0.	0.0017678195075686847	0.	0.
-2.693234162058353	0.	0.	0.	0.0017974100955787382	0.	0.
-2.6922341620583525	0.	0.	0.	0.0018270790141746932	0.	0.
-2.6912341620583526	0.	0.	0.	0.001856828563894849	0.	0.
-2.6902341620583528	0.	0.	0.	0.0018866614151587231	0.	0.
-2.689234162058353	0.	0.	0.	0.0019165796587801475	0.	0.
-2.6882341620583525	0.	0.	0.	0.0019465856503654618	0.	0.
-2.6872341620583526	0.	0.	0.	0.001976681341697316	0.	0.
-2.6862341620583527	0.	0.	0.	0.0020068688091866315	0.	0.
-2.685234162058353	0.	0.	0.	0.0020371498720295664	0.	0.
-2.6842341620583525	0.	0.	0.	0.0020675263740537737	0.	0.
-2.6832341620583526	0.	0.	0.	0.002098000008820392	0.	0.
-2.6822341620583527	0.	0.	0.	0.0021285724254882597	0.	0.
-2.681234162058353	0.	0.	0.	0.002159245199371858	0.	0.
-2.6802341620583525	0.	0.	0.	0.0021900198157822825	0.	0.
-2.6792341620583526	0.	0.	0.	0.0022208977394450346	0.	0.
-2.6782341620583527	0.	0.	0.	0.0022518803169072526	0.	0.
-2.677234162058353	0.	0.	0.	0.0022829689100455526	0.	0.
-2.6762341620583525	0.	0.	0.	0.0023141647471110515	0.	0.
-2.6752341620583526	0.	0.	0.	0.002345469094784817	0.	0.
-2.6742341620583527	0.	0.	0.	0.0023768830797879976	0.	0.
-2.673234162058353	0.	0.	0.	0.0024084078810351077	0.	0.
-2.6722341620583525	0.	0.	0.	0.0024400445375192615	0.	0.
-2.6712341620583526	0.	0.	0.	0.002471794147490442	0.	0.
-2.6702341620583527	0.	0.	0.	0.0025036576736427426	0.	0.
-2.669234162058353	0.	0.	0.	0.0025356361402662625	0.	0.
-2.6682341620583525	0.	0.	0.	0.002567730443283727	0.	0.
-2.6672341620583526	0.	0.	0.	0.002599941539289958	0.	0.
-2.6662341620583527	0.	0.	0.	0.0026322702654371873	0.	0.
-2.665234162058353	0.	0.	0.	0.002664717516429248	0.	0.
-2.6642341620583525	0.	0.	0.	0.002697284077418695	0.	0.
-2.6632341620583526	0.	0.	0.	0.0027299707865596308	0.	0.
-2.6622341620583527	0.	0.	0.	0.0027627783827801826	0.	0.
-2.661234162058353	0.	0.	0.	0.002795707652573121	0.	0.
-2.6602341620583525	0.	0.	0.	0.0028287592936069093	0.	0.
-2.6592341620583526	0.	0.	0.	0.0028619340451682407	0.	0.
-2.6582341620583527	0.	0.	0.	0.0028952325679658156	0.	0.
-2.657234162058353	0.	0.	0.	0.0029286555581283986	0.	0.
-2.6562341620583525	0.	0.	0.	0.002962203643154632	0.	0.
-2.6552341620583526	0.	0.	0.	0.002995877479686492	0.	0.
-2.6542341620583527	0.	0.	0.	0.0030296776653021486	0.	0.
-2.653234162058353	0.	0.	0.	0.0030636048204831646	0.	0.
-2.6522341620583525	0.	0.	0.	0.003097659515787498	0.	0.
-2.6512341620583526	0.	0.	0.	0.0031318423385510523	0.	0.
-2.6502341620583527	0.	0.	0.	0.0031661538348780444	0.	0.
-2.649234162058353	0.	0.	0.	0.0032005945616947282	0.	0.
-2.6482341620583525	0.	0.	0.	0.0032351650429279354	0.	0.
-2.6472341620583526	0.	0.	0.	0.003269865807583522	0.	0.
-2.6462341620583527	0.	0.	0.	0.003304697359431555	0.	0.
-2.645234162058353	0.	0.	0.	0.0033396602018304347	0.	0.
-2.6442341620583525	0.	0.	0.	0.0033747548201854046	0.	0.
-2.6432341620583526	0.	0.	0.	0.003409981694292851	0.	0.
-2.6422341620583527	0.	0.	0.	0.003445341292777904	0.	0.
-2.641234162058353	0.	0.	0.	0.003480834073799517	0.	0.
-2.6402341620583525	0.	0.	0.	0.003516460490597317	0.	0.
-2.6392341620583526	0.	0.	0.	0.003552220981481212	0.	0.
-2.6382341620583527	0.	0.	0.	0.003588115985523491	0.	0.
-2.637234162058353	0.	0.	0.	0.0036241459228597305	0.	0.
-2.6362341620583525	0.	0.	0.	0.0036603112194477706	0.	0.
-2.6352341620583526	0.	0.	0.	0.003696612278830322	0.	0.
-2.6342341620583527	0.	0.	0.	0.0037330495147475324	0.	0.
-2.633234162058353	0.	0.	0.	0.0037696233166479524	0.	0.
-2.6322341620583525	0.	0.	0.	0.003806334083825993	0.	0.
-2.6312341620583526	0.	0.	0.	0.003843182196019642	0.	0.
-2.6302341620583527	0.	0.	0.	0.0038801680378148166	0.	0.
-2.629234162058353	0.	0.	0.	0.003917291980360535	0.	0.
-2.6282341620583525	0.	0.	0.	0.003954554394525148	0.	0.
-2.6272341620583526	0.	0.	0.	0.003991955643574311	0.	0.
-2.6262341620583527	0.	0.	0.	0.004029496085722984	0.	0.
-2.625234162058353	0.	0.	0.	0.004067176076923678	0.	0.
-2.6242341620583525	0.	0.	0.	0.004104995963795772	0.	0.
-2.6232341620583526	0.	0.	0.	0.004142956095415623	0.	0.
-2.6222341620583527	0.	0.	0.	0.004181056808182049	0.	0.
-2.621234162058353	0.	0.	0.	0.00421929844366459	0.	0.
-2.6202341620583525	0.	0.	0.	0.004257681330605641	0.	0.
-2.6192341620583526	0.	0.	0.	0.004296205801283257	0.	0.
-2.6182341620583527	0.	0.	0.	0.004334872179372051	0.	0.
-2.617234162058353	0.	0.	0.	0.004373680787845469	0.	0.
-2.616234162058353	0.	0.	0.	0.004412631945746978	0.	0.
-2.6152341620583526	0.	0.	0.	0.004451725967460817	0.	0.
-2.6142341620583527	0.	0.	0.	0.004490963167684953	0.	0.
-2.613234162058353	0.	0.	0.	0.004530343853193332	0.	0.
-2.6122341620583525	0.	0.	0.	0.004569868333886915	0.	0.
-2.6112341620583526	0.	0.	0.	0.004609536910908288	0.	0.
-2.6102341620583527	0.	0.	0.	0.004649349887551268	0.	0.
-2.609234162058353	0.	0.	0.	0.004689307561698227	0.	0.
-2.608234162058353	0.	0.	0.	0.004729410229845368	0.	0.
-2.6072341620583526	0.	0.	0.	0.004769658186900976	0.	0.
-2.6062341620583527	0.	0.	0.	0.0048100517231218646	0.	0.
-2.605234162058353	0.	0.	0.	0.0048505911305603685	0.	0.
-2.6042341620583525	0.	0.	0.	0.004891276694507103	0.	0.
-2.6032341620583526	0.	0.	0.	0.0049321087023	0.	0.
-2.6022341620583527	0.	0.	0.	0.00497308743677133	0.	0.
-2.601234162058353	0.	0.	0.	0.0050142131799925825	0.	0.
-2.600234162058353	0.	0.	0.	0.005055486212755372	0.	0.
-2.5992341620583526	0.	0.	0.	0.005096906812287684	0.	0.
-2.5982341620583527	0.	0.	0.	0.005138475257265429	0.	0.
-2.597234162058353	0.	0.	0.	0.005180191821296284	0.	0.
-2.596234162058353	0.	0.	0.	0.005222056779244967	0.	0.
-2.5952341620583526	0.	0.	0.	0.005264070403191586	0.	0.
-2.5942341620583527	0.	0.	0.	0.005306232963851707	0.	0.
-2.5932341620583528	0.	0.	0.	0.005348544731928361	0.	0.
-2.592234162058353	0.	0.	0.	0.005391005974691126	0.	0.
-2.5912341620583526	0.	0.	0.	0.0054336169605353245	0.	0.
-2.5902341620583527	0.	0.	0.	0.0054763779548662826	0.	0.
-2.5892341620583528	0.	0.	0.	0.005519289222862893	0.	0.
-2.588234162058353	0.	0.	0.	0.0055623510289746925	0.	0.
-2.5872341620583525	0.	0.	0.	0.00560556363536897	0.	0.
-2.5862341620583527	0.	0.	0.	0.005648927305083064	0.	0.
-2.5852341620583528	0.	0.	0.	0.005692442298442392	0.	0.
-2.584234162058353	0.	0.	0.	0.005736108875971674	0.	0.
-2.5832341620583525	0.	0.	0.	0.005779927297364676	0.	0.
-2.5822341620583527	0.	0.	0.	0.0058238978206366435	0.	0.
-2.5812341620583528	0.	0.	0.	0.005868020704506251	0.	0.
-2.580234162058353	0.	0.	0.	0.005912296205478626	0.	0.
-2.5792341620583525	0.	0.	0.	0.005956724580254689	0.	0.
-2.5782341620583527	0.	0.	0.	0.0060013060849745045	0.	0.
-2.5772341620583528	0.	0.	0.	0.0060460409743442285	0.	0.
-2.576234162058353	0.	0.	0.	0.0060909295036751625	0.	0.
-2.5752341620583525	0.	0.	0.	0.006135971926668513	0.	0.
-2.5742341620583526	0.	0.	0.	0.006181168496965975	0.	0.
-2.5732341620583528	0.	0.	0.	0.006226519468123784	0.	0.
-2.572234162058353	0.	0.	0.	0.006272025092293935	0.	0.
-2.5712341620583525	0.	0.	0.	0.006317685622168142	0.	0.
-2.5702341620583526	0.	0.	0.	0.00636350130947978	0.	0.
-2.5692341620583528	0.	0.	0.	0.006409472405518558	0.	0.
-2.568234162058353	0.	0.	0.	0.006455599162006499	0.	0.
-2.5672341620583525	0.	0.	0.	0.006501881829256189	0.	0.
-2.5662341620583526	0.	0.	0.	0.0065483206580088885	0.	0.
-2.5652341620583528	0.	0.	0.	0.006594915898720195	0.	0.
-2.564234162058353	0.	0.	0.	0.00664166780108905	0.	0.
-2.5632341620583525	0.	0.	0.	0.006688576615259793	0.	0.
-2.5622341620583526	0.	0.	0.	0.006735642590693427	0.	0.
-2.5612341620583527	0.	0.	0.	0.006782865976676612	0.	0.
-2.560234162058353	0.	0.	0.	0.006830247022878371	0.	0.
-2.5592341620583525	0.	0.	0.	0.006877785978055386	0.	0.
-2.5582341620583526	0.	0.	0.	0.006925483091290038	0.	0.
-2.5572341620583527	0.	0.	0.	0.00697333861170441	0.	0.
-2.556234162058353	0.	0.	0.	0.00702135278781687	0.	0.
-2.5552341620583525	0.	0.	0.	0.007069525868553535	0.	0.
-2.5542341620583526	0.	0.	0.	0.007117858102649781	0.	0.
-2.5532341620583527	0.	0.	0.	0.007166349738587365	0.	0.
-2.552234162058353	0.	0.	0.	0.007215001025237606	0.	0.
-2.5512341620583525	0.	0.	0.	0.0072638122111570134	0.	0.
-2.5502341620583526	0.	0.	0.	0.007312783544912152	0.	0.
-2.5492341620583527	0.	0.	0.	0.0073619152754389565	0.	0.
-2.548234162058353	0.	0.	0.	0.0074112076513021975	0.	0.
-2.5472341620583525	0.	0.	0.	0.007460660921264622	0.	0.
-2.5462341620583526	0.	0.	0.	0.007510275334442511	0.	0.
-2.5452341620583527	0.	0.	0.	0.007560051139575044	0.	0.
-2.544234162058353	0.	0.	0.	0.00760998858573444	0.	0.
-2.5432341620583525	0.	0.	0.	0.007660087922302228	0.	0.
-2.5422341620583526	0.	0.	0.	0.007710349398365409	0.	0.
-2.5412341620583527	0.	0.	0.	0.007760773263397083	0.	0.
-2.540234162058353	0.	0.	0.	0.0078113597671465446	0.	0.
-2.5392341620583525	0.	0.	0.	0.007862109159182696	0.	0.
-2.5382341620583526	0.	0.	0.	0.007913021689463813	0.	0.
-2.5372341620583527	0.	0.	0.	0.007964097608232955	0.	0.
-2.536234162058353	0.	0.	0.	0.008015337165631875	0.	0.
-2.5352341620583525	0.	0.	0.	0.008066740612195308	0.	0.
-2.5342341620583526	0.	0.	0.	0.008118308198773789	0.	0.
-2.5332341620583527	0.	0.	0.	0.008170040176167494	0.	0.
-2.532234162058353	0.	0.	0.	0.00822193679557373	0.	0.
-2.5312341620583525	0.	0.	0.	0.008273998308553082	0.	0.
-2.5302341620583526	0.	0.	0.	0.008326224966644953	0.	0.
-2.5292341620583527	0.	0.	0.	0.008378617021798531	0.	0.
-2.528234162058353	0.	0.	0.	0.008431174726352478	0.	0.
-2.5272341620583525	0.	0.	0.	0.008483898332686392	0.	0.
-2.5262341620583526	0.	0.	0.	0.008536788093577725	0.	0.
-2.5252341620583527	0.	0.	0.	0.008589844262202329	0.	0.
-2.524234162058353	0.	0.	0.	0.008643067091876852	0.	0.
-2.5232341620583525	0.	0.	0.	0.00869645683627257	0.	0.
-2.5222341620583526	0.	0.	0.	0.00875001374947277	0.	0.
-2.5212341620583527	0.	0.	0.	0.008803738085804723	0.	0.
-2.520234162058353	0.	0.	0.	0.008857630099900978	0.	0.
-2.5192341620583525	0.	0.	0.	0.008911690046817768	0.	0.
-2.5182341620583526	0.	0.	0.	0.008965918181959692	0.	0.
-2.5172341620583527	0.	0.	0.	0.009020314760984822	0.	0.
-2.516234162058353	0.	0.	0.	0.009074880039985647	0.	0.
-2.5152341620583525	0.	0.	0.	0.009129614275499309	0.	0.
-2.5142341620583526	0.	0.	0.	0.009184517724275254	0.	0.
-2.5132341620583527	0.	0.	0.	0.009239590643524543	0.	0.
-2.512234162058353	0.	0.	0.	0.009294833290894993	0.	0.
-2.5112341620583525	0.	0.	0.	0.009350245924360578	0.	0.
-2.5102341620583526	0.	0.	0.	0.00940582880228128	0.	0.
-2.5092341620583527	0.	0.	0.	0.009461582183466957	0.	0.
-2.508234162058353	0.	0.	0.	0.009517506327166105	0.	0.
-2.5072341620583525	0.	0.	0.	0.00957360149294185	0.	0.
-2.5062341620583526	0.	0.	0.	0.009629867940835828	0.	0.
-2.5052341620583527	0.	0.	0.	0.009686305931354286	0.	0.
-2.504234162058353	0.	0.	0.	0.009742915725374994	0.	0.
-2.5032341620583525	0.	0.	0.	0.009799697584208237	0.	0.
-2.5022341620583526	0.	0.	0.	0.009856651769632853	0.	0.
-2.5012341620583527	0.	0.	0.	0.009913778543911159	0.	0.
-2.500234162058353	0.	0.	0.	0.009971078169660901	0.	0.
-2.499234162058353	0.	0.	0.	0.010028550910003334	0.	0.
-2.4982341620583526	0.	0.	0.	0.010086197028538777	0.	0.
-2.4972341620583527	0.	0.	0.	0.01014401678931877	0.	0.
-2.496234162058353	0.	0.	0.	0.010202010456824142	0.	0.
-2.4952341620583525	0.	0.	0.	0.010260178296037157	0.	0.
-2.4942341620583526	0.	0.	0.	0.010318520572440973	0.	0.
-2.4932341620583527	0.	0.	0.	0.010377037551958998	0.	0.
-2.492234162058353	0.	0.	0.	0.010435729500994197	0.	0.
-2.491234162058353	0.	0.	0.	0.010494596686453658	0.	0.
-2.4902341620583526	0.	0.	0.	0.01055363937576129	0.	0.
-2.4892341620583527	0.	0.	0.	0.010612857836786211	0.	0.
-2.488234162058353	0.	0.	0.	0.01067225233790803	0.	0.
-2.4872341620583525	0.	0.	0.	0.010731823148017457	0.	0.
-2.4862341620583526	0.	0.	0.	0.010791570536533825	0.	0.
-2.4852341620583527	0.	0.	0.	0.010851494773337392	0.	0.
-2.484234162058353	0.	0.	0.	0.010911596128835351	0.	0.
-2.483234162058353	0.	0.	0.	0.01097187487395632	0.	0.
-2.4822341620583526	0.	0.	0.	0.011032331280165987	0.	0.
-2.4812341620583527	0.	0.	0.	0.011092965619414268	0.	0.
-2.480234162058353	0.	0.	0.	0.011153778164183649	0.	0.
-2.4792341620583525	0.	0.	0.	0.011214769187490583	0.	0.
-2.4782341620583526	0.	0.	0.	0.011275938962894588	0.	0.
-2.4772341620583527	0.	0.	0.	0.011337287764467647	0.	0.
-2.476234162058353	0.	0.	0.	0.011398815866812248	0.	0.
-2.475234162058353	0.	0.	0.	0.011460523545078838	0.	0.
-2.4742341620583526	0.	0.	0.	0.011522411074964515	0.	0.
-2.4732341620583527	0.	0.	0.	0.011584478732710696	0.	0.
-2.472234162058353	0.	0.	0.	0.011646726795081762	0.	0.
-2.4712341620583524	0.	0.	0.	0.011709155539404612	0.	0.
-2.4702341620583526	0.	0.	0.	0.011771765243557768	0.	0.
-2.4692341620583527	0.	0.	0.	0.011834556185985341	0.	0.
-2.4682341620583528	0.	0.	0.	0.01189752864566203	0.	0.
-2.467234162058353	0.	0.	0.	0.011960682902127486	0.	0.
-2.4662341620583526	0.	0.	0.	0.012024019235485035	0.	0.
-2.4652341620583527	0.	0.	0.	0.01208753792640313	0.	0.
-2.4642341620583528	0.	0.	0.	0.012151239256119713	0.	0.
-2.4632341620583524	0.	0.	0.	0.012215123506418275	0.	0.
-2.4622341620583525	0.	0.	0.	0.012279190959662543	0.	0.
-2.4612341620583527	0.	0.	0.	0.012343441898787291	0.	0.
-2.4602341620583528	0.	0.	0.	0.012407876607304056	0.	0.
-2.459234162058353	0.	0.	0.	0.012472495369297234	0.	0.
-2.4582341620583525	0.	0.	0.	0.012537298469416189	0.	0.
-2.4572341620583527	0.	0.	0.	0.01260228619289653	0.	0.
-2.4562341620583528	0.	0.	0.	0.012667458825554336	0.	0.
-2.4552341620583524	0.	0.	0.	0.012732816653790661	0.	0.
-2.4542341620583525	0.	0.	0.	0.012798359964590425	0.	0.
-2.4532341620583527	0.	0.	0.	0.012864089045512948	0.	0.
-2.4522341620583528	0.	0.	0.	0.01293000418471175	0.	0.
-2.451234162058353	0.	0.	0.	0.012996105670929427	0.	0.
-2.4502341620583525	0.	0.	0.	0.01306239379349924	0.	0.
-2.4492341620583526	0.	0.	0.	0.013128868842353834	0.	0.
-2.4482341620583528	0.	0.	0.	0.01319553110800332	0.	0.
-2.447234162058353	0.	0.	0.	0.013262380881560771	0.	0.
-2.4462341620583525	0.	0.	0.	0.01332941845473623	0.	0.
-2.4452341620583526	0.	0.	0.	0.013396644119838057	0.	0.
-2.4442341620583528	0.	0.	0.	0.013464058169776623	0.	0.
-2.443234162058353	0.	0.	0.	0.013531660898061848	0.	0.
-2.4422341620583525	0.	0.	0.	0.013599452598800306	0.	0.
-2.4412341620583526	0.	0.	0.	0.013667433566706503	0.	0.
-2.4402341620583528	0.	0.	0.	0.01373560409710018	0.	0.
-2.439234162058353	0.	0.	0.	0.013803964485907535	0.	0.
-2.4382341620583525	0.	0.	0.	0.013872515029664462	0.	0.
-2.4372341620583526	0.	0.	0.	0.013941256025514466	0.	0.
-2.4362341620583527	0.	0.	0.	0.014010187771206809	0.	0.
-2.435234162058353	0.	0.	0.	0.014079310565105392	0.	0.
-2.4342341620583525	0.	0.	0.	0.01414862470618673	0.	0.
-2.4332341620583526	0.	0.	0.	0.014218130494041147	0.	0.
-2.4322341620583527	0.	0.	0.	0.014287828228873785	0.	0.
-2.431234162058353	0.	0.	0.	0.014357718211509343	0.	0.
-2.4302341620583525	0.	0.	0.	0.014427800743381862	0.	0.
-2.4292341620583526	0.	0.	0.	0.014498076126546975	0.	0.
-2.4282341620583527	0.	0.	0.	0.014568544663679671	0.	0.
-2.427234162058353	0.	0.	0.	0.01463920665807512	0.	0.
-2.4262341620583525	0.	0.	0.	0.014710062413649678	0.	0.
-2.4252341620583526	0.	0.	0.	0.014781112234941806	0.	0.
-2.4242341620583527	0.	0.	0.	0.01485235642711566	0.	0.
-2.423234162058353	0.	0.	0.	0.014923795295954022	0.	0.
-2.4222341620583525	0.	0.	0.	0.01499542914786669	0.	0.
-2.4212341620583526	0.	0.	0.	0.01506725828988974	0.	0.
-2.4202341620583527	0.	0.	0.	0.015139283029685837	0.	0.
-2.419234162058353	0.	0.	0.	0.015211503675545222	0.	0.
-2.4182341620583525	0.	0.	0.	0.015283920536386488	0.	0.
-2.4172341620583526	0.	0.	0.	0.015356533921757466	0.	0.
-2.4162341620583527	0.	0.	0.	0.015429344141837893	0.	0.
-2.415234162058353	0.	0.	0.	0.015502351507433858	0.	0.
-2.4142341620583525	0.	0.	0.	0.015575556329985163	0.	0.
-2.4132341620583526	0.	0.	0.	0.01564895892156393	0.	0.
-2.4122341620583527	0.	0.	0.	0.015722559594875177	0.	0.
-2.411234162058353	0.	0.	0.	0.015796358663257657	0.	0.
-2.4102341620583525	0.	0.	0.	0.015870356440684446	0.	0.
-2.4092341620583526	0.	0.	0.	0.01594455324176368	0.	0.
-2.4082341620583527	0.	0.	0.	0.016018949381739166	0.	0.
-2.407234162058353	0.	0.	0.	0.0160935451764923	0.	0.
-2.4062341620583525	0.	0.	0.	0.016168340942538818	0.	0.
-2.4052341620583526	0.	0.	0.	0.016243336997033113	0.	0.
-2.4042341620583527	0.	0.	0.	0.01631853365776789	0.	0.
-2.403234162058353	0.	0.	0.	0.016393931243174516	0.	0.
-2.4022341620583525	0.	0.	0.	0.01646953007232367	0.	0.
-2.4012341620583526	0.	0.	0.	0.016545330464925855	0.	0.
-2.4002341620583527	0.	0.	0.	0.016621332741331877	0.	0.
-2.399234162058353	0.	0.	0.	0.01669753722253342	0.	0.
-2.3982341620583525	0.	0.	0.	0.016773944230163484	0.	0.
-2.3972341620583526	0.	0.	0.	0.016850554086496945	0.	0.
-2.3962341620583527	0.	0.	0.	0.016927367114451433	0.	0.
-2.395234162058353	0.	0.	0.	0.017004383637586603	0.	0.
-2.3942341620583525	0.	0.	0.	0.017081603980105133	0.	0.
-2.3932341620583526	0.	0.	0.	0.017159028466853726	0.	0.
-2.3922341620583527	0.	0.	0.	0.01723665742332306	0.	0.
-2.391234162058353	0.	0.	0.	0.017314491175648254	0.	0.
-2.390234162058353	0.	0.	0.	0.01739253005060925	0.	0.
-2.3892341620583526	0.	0.	0.	0.017470774375631114	0.	0.
-2.3882341620583527	0.	0.	0.	0.017549224478784507	0.	0.
-2.387234162058353	0.	0.	0.	0.017627880688785888	0.	0.
-2.3862341620583525	0.	0.	0.	0.017706743334997957	0.	0.
-2.3852341620583526	0.	0.	0.	0.01778581274742994	0.	0.
-2.3842341620583527	0.	0.	0.	0.017865089256737833	0.	0.
-2.383234162058353	0.	0.	0.	0.017944573194224787	0.	0.
-2.382234162058353	0.	0.	0.	0.018024264891841273	0.	0.
-2.3812341620583526	0.	0.	0.	0.01810416468218545	0.	0.
-2.3802341620583527	0.	0.	0.	0.018184272898503395	0.	0.
-2.379234162058353	0.	0.	0.	0.0182645898746894	0.	0.
-2.3782341620583525	0.	0.	0.	0.018345115945286	0.	0.
-2.3772341620583526	0.	0.	0.	0.018425851445484205	0.	0.
-2.3762341620583527	0.	0.	0.	0.01850679671112386	0.	0.
-2.375234162058353	0.	0.	0.	0.018587952078693848	0.	0.
-2.374234162058353	0.	0.	0.	0.01866931788533214	0.	0.
-2.3732341620583526	0.	0.	0.	0.018750894468826017	0.	0.
-2.3722341620583527	0.	0.	0.	0.018832682167612316	0.	0.
-2.371234162058353	0.	0.	0.	0.018914681320777352	0.	0.
-2.3702341620583525	0.	0.	0.	0.018996892268057217	0.	0.
-2.3692341620583526	0.	0.	0.	0.019079315349837856	0.	0.
-2.3682341620583527	0.	0.	0.	0.019161950907155115	0.	0.
-2.367234162058353	0.	0.	0.	0.019244799281694962	0.	0.
-2.366234162058353	0.	0.	0.	0.019327860815793404	0.	0.
-2.3652341620583526	0.	0.	0.	0.019411135852436687	0.	0.
-2.3642341620583527	0.	0.	0.	0.01949462473526131	0.	0.
-2.363234162058353	0.	0.	0.	0.019578327808554053	0.	0.
-2.3622341620583525	0.	0.	0.	0.01966224541725201	0.	0.
-2.3612341620583526	0.	0.	0.	0.019746377906942707	0.	0.
-2.3602341620583527	0.	0.	0.	0.019830725623863957	0.	0.
-2.359234162058353	0.	0.	0.	0.019915288914904006	0.	0.
-2.358234162058353	0.	0.	0.	0.020000068127601415	0.	0.
-2.3572341620583526	0.	0.	0.	0.02008506361014508	0.	0.
-2.3562341620583527	0.	0.	0.	0.02017027571137429	0.	0.
-2.355234162058353	0.	0.	0.	0.020255704780778518	0.	0.
-2.3542341620583525	0.	0.	0.	0.020341351168497435	0.	0.
-2.3532341620583526	0.	0.	0.	0.020427215225320962	0.	0.
-2.3522341620583527	0.	0.	0.	0.02051329730268897	0.	0.
-2.351234162058353	0.	0.	0.	0.020599597752691375	0.	0.
-2.350234162058353	0.	0.	0.	0.02068611692806795	0.	0.
-2.3492341620583526	0.	0.	0.	0.020772855182208234	0.	0.
-2.3482341620583527	0.	0.	0.	0.020859812869151475	0.	0.
-2.347234162058353	0.	0.	0.	0.020946990343586366	0.	0.
-2.3462341620583524	0.	0.	0.	0.02103438796085099	0.	0.
-2.3452341620583526	0.	0.	0.	0.02112200607693272	0.	0.
-2.3442341620583527	0.	0.	0.	0.021209845048468037	0.	0.
-2.3432341620583528	0.	0.	0.	0.02129790523274211	0.	0.
-2.342234162058353	0.	0.	0.	0.021386186987688894	0.	0.
-2.3412341620583526	0.	0.	0.	0.021474690671890815	0.	0.
-2.3402341620583527	0.	0.	0.	0.021563416644578694	0.	0.
-2.3392341620583528	0.	0.	0.	0.02165236526563134	0.	0.
-2.3382341620583524	0.	0.	0.	0.021741536895575408	0.	0.
-2.3372341620583525	0.	0.	0.	0.021830931895585222	0.	0.
-2.3362341620583527	0.	0.	0.	0.021920550627482414	0.	0.
-2.3352341620583528	0.	0.	0.	0.022010393453735712	0.	0.
-2.334234162058353	0.	0.	0.	0.022100460737460678	0.	0.
-2.3332341620583525	0.	0.	0.	0.02219075284241938	0.	0.
-2.3322341620583527	0.	0.	0.	0.02228127013302019	0.	0.
-2.3312341620583528	0.	0.	0.	0.022372012974317384	0.	0.
-2.3302341620583524	0.	0.	0.	0.02246298173201082	0.	0.
-2.3292341620583525	0.	0.	0.	0.02255417677244573	0.	0.
-2.3282341620583527	0.	0.	0.	0.022645598462612333	0.	0.
-2.3272341620583528	0.	0.	0.	0.022737247170145445	0.	0.
-2.326234162058353	0.	0.	0.	0.022829123263323956	0.	0.
-2.3252341620583525	0.	0.	0.	0.02292122711107076	0.	0.
-2.3242341620583526	0.	0.	0.	0.023013559082952283	0.	0.
-2.3232341620583528	0.	0.	0.	0.02310611954917803	0.	0.
-2.322234162058353	0.	0.	0.	0.023198908880600222	0.	0.
-2.3212341620583525	0.	0.	0.	0.023291927448713334	0.	0.
-2.3202341620583526	0.	0.	0.	0.023385175625653818	0.	0.
-2.3192341620583528	0.	0.	0.	0.02347865378419948	0.	0.
-2.318234162058353	0.	0.	0.	0.023572362297769156	0.	0.
-2.3172341620583525	0.	0.	0.	0.023666301540422298	0.	0.
-2.3162341620583526	0.	0.	0.	0.02376047188685833	0.	0.
-2.3152341620583528	0.	0.	0.	0.023854873712416146	0.	0.
-2.314234162058353	0.	0.	0.	0.023949507393073867	0.	0.
-2.3132341620583525	0.	0.	0.	0.02404437330544818	0.	0.
-2.3122341620583526	0.	0.	0.	0.024139471826793935	0.	0.
-2.3112341620583527	0.	0.	0.	0.02423480333500345	0.	0.
-2.310234162058353	0.	0.	0.	0.024330368208606165	0.	0.
-2.3092341620583525	0.	0.	0.	0.02442616682676794	0.	0.
-2.3082341620583526	0.	0.	0.	0.02452219956929078	0.	0.
-2.3072341620583527	0.	0.	0.	0.024618466816611683	0.	0.
-2.306234162058353	0.	0.	0.	0.02471496894980257	0.	0.
-2.3052341620583525	0.	0.	0.	0.02481170635056963	0.	0.
-2.3042341620583526	0.	0.	0.	0.02490867940125264	0.	0.
-2.3032341620583527	0.	0.	0.	0.025005888484824285	0.	0.
-2.302234162058353	0.	0.	0.	0.025103333984889724	0.	0.
-2.3012341620583525	0.	0.	0.	0.025201016285685916	0.	0.
-2.3002341620583526	0.	0.	0.	0.02529893577208066	0.	0.
-2.2992341620583527	0.	0.	0.	0.025397092829572223	0.	0.
-2.298234162058353	0.	0.	0.	0.025495487844288716	0.	0.
-2.2972341620583525	0.	0.	0.	0.025594121202987253	0.	0.
-2.2962341620583526	0.	0.	0.	0.025692993293053436	0.	0.
-2.2952341620583527	0.	0.	0.	0.025792104502500593	0.	0.
-2.294234162058353	0.	0.	0.	0.02589145521996887	0.	0.
-2.2932341620583525	0.	0.	0.	0.025991045834724592	0.	0.
-2.2922341620583526	0.	0.	0.	0.026090876736659722	0.	0.
-2.2912341620583527	0.	0.	0.	0.026190948316290937	0.	0.
-2.290234162058353	0.	0.	0.	0.026291260964758884	0.	0.
-2.2892341620583525	0.	0.	0.	0.026391815073827603	0.	0.
-2.2882341620583526	0.	0.	0.	0.026492611035883334	0.	0.
-2.2872341620583527	0.	0.	0.	0.026593649243933974	0.	0.
-2.286234162058353	0.	0.	0.	0.026694930091608324	0.	0.
-2.2852341620583525	0.	0.	0.	0.0267964539731551	0.	0.
-2.2842341620583526	0.	0.	0.	0.026898221283442447	0.	0.
-2.2832341620583527	0.	0.	0.	0.02700023241795661	0.	0.
-2.282234162058353	0.	0.	0.	0.027102487772801265	0.	0.
-2.2812341620583525	0.	0.	0.	0.027204987744696745	0.	0.
-2.2802341620583526	0.	0.	0.	0.02730773273097919	0.	0.
-2.2792341620583527	0.	0.	0.	0.02741072312959956	0.	0.
-2.278234162058353	0.	0.	0.	0.027513959339122727	0.	0.
-2.2772341620583525	0.	0.	0.	0.02761744175872637	0.	0.
-2.2762341620583526	0.	0.	0.	0.027721170788200498	0.	0.
-2.2752341620583527	0.	0.	0.	0.027825146827946116	0.	0.
-2.274234162058353	0.	0.	0.	0.027929370278974595	0.	0.
-2.2732341620583525	0.	0.	0.	0.028033841542906227	0.	0.
-2.2722341620583526	0.	0.	0.	0.028138561021969676	0.	0.
-2.2712341620583527	0.	0.	0.	0.02824352911900085	0.	0.
-2.270234162058353	0.	0.	0.	0.028348746237441966	0.	0.
-2.2692341620583525	0.	0.	0.	0.02845421278134029	0.	0.
-2.2682341620583526	0.	0.	0.	0.028559929155347354	0.	0.
-2.2672341620583527	0.	0.	0.	0.02866589576471778	0.	0.
-2.266234162058353	0.	0.	0.	0.028772113015308343	0.	0.
-2.2652341620583525	0.	0.	0.	0.02887858131357684	0.	0.
-2.2642341620583526	0.	0.	0.	0.028985301066580874	0.	0.
-2.2632341620583527	0.	0.	0.	0.029092272681976925	0.	0.
-2.262234162058353	0.	0.	0.	0.02919949656801927	0.	0.
-2.2612341620583525	0.	0.	0.	0.029306973133558765	0.	0.
-2.2602341620583526	0.	0.	0.	0.029414702788041616	0.	0.
-2.2592341620583527	0.	0.	0.	0.029522685941508423	0.	0.
-2.258234162058353	0.	0.	0.	0.02963092300459303	0.	0.
-2.257234162058353	0.	0.	0.	0.029739414388521124	0.	0.
-2.2562341620583526	0.	0.	0.	0.029848160505109106	0.	0.
-2.2552341620583527	0.	0.	0.	0.029957161766763177	0.	0.
-2.254234162058353	0.	0.	0.	0.030066418586477836	0.	0.
-2.2532341620583525	0.	0.	0.	0.030175931377834586	0.	0.
-2.2522341620583526	0.	0.	0.	0.03028570055500092	0.	0.
-2.2512341620583527	0.	0.	0.	0.030395726532728994	0.	0.
-2.250234162058353	0.	0.	0.	0.03050600972635431	0.	0.
-2.249234162058353	0.	0.	0.	0.030616550551794342	0.	0.
-2.2482341620583526	0.	0.	0.	0.03072734942554739	0.	0.
-2.2472341620583527	0.	0.	0.	0.030838406764691392	0.	0.
-2.246234162058353	0.	0.	0.	0.030949722986882134	0.	0.
-2.2452341620583525	0.	0.	0.	0.031061298510352303	0.	0.
-2.2442341620583526	0.	0.	0.	0.031173133753910155	0.	0.
-2.2432341620583527	0.	0.	0.	0.03128522913693784	0.	0.
-2.242234162058353	0.	0.	0.	0.03139758507939012	0.	0.
-2.241234162058353	0.	0.	0.	0.03151020200179327	0.	0.
-2.2402341620583526	0.	0.	0.	0.03162308032524321	0.	0.
-2.2392341620583527	0.	0.	0.	0.03173622047140437	0.	0.
-2.238234162058353	0.	0.	0.	0.03184962286250821	0.	0.
-2.2372341620583525	0.	0.	0.	0.03196328792135161	0.	0.
-2.2362341620583526	0.	0.	0.	0.03207721607129555	0.	0.
-2.2352341620583527	0.	0.	0.	0.03219140773626359	0.	0.
-2.234234162058353	0.	0.	0.	0.03230586334074032	0.	0.
-2.233234162058353	0.	0.	0.	0.0324205833097698	0.	0.
-2.2322341620583526	0.	0.	0.	0.03253556806895421	0.	0.
-2.2312341620583527	0.	0.	0.	0.032650818044452135	0.	0.
-2.230234162058353	0.	0.	0.	0.03276633366297697	0.	0.
-2.2292341620583525	0.	0.	0.	0.03288211535179548	0.	0.
-2.2282341620583526	0.	0.	0.	0.03299816353872616	0.	0.
-2.2272341620583527	0.	0.	0.	0.03311447865213752	0.	0.
-2.226234162058353	0.	0.	0.	0.033231061120946606	0.	0.
-2.225234162058353	0.	0.	0.	0.03334791137461718	0.	0.
-2.2242341620583526	0.	0.	0.	0.03346502984315825	0.	0.
-2.2232341620583527	0.	0.	0.	0.03358241695712235	0.	0.
-2.222234162058353	0.	0.	0.	0.033700073147603614	0.	0.
-2.2212341620583524	0.	0.	0.	0.03381799884623645	0.	0.
-2.2202341620583526	0.	0.	0.	0.033936194485193596	0.	0.
-2.2192341620583527	0.	0.	0.	0.03405466049718425	0.	0.
-2.2182341620583528	0.	0.	0.	0.03417339731545271	0.	0.
-2.217234162058353	0.	0.	0.	0.03429240537377612	0.	0.
-2.2162341620583526	0.	0.	0.	0.03441168510646306	0.	0.
-2.2152341620583527	0.	0.	0.	0.034531236948351585	0.	0.
-2.2142341620583528	0.	0.	0.	0.03465106133480739	0.	0.
-2.2132341620583524	0.	0.	0.	0.034771158701721976	0.	0.
-2.2122341620583525	0.	0.	0.	0.03489152948551083	0.	0.
-2.2112341620583527	0.	0.	0.	0.03501217412311156	0.	0.
-2.2102341620583528	0.	0.	0.	0.035133093051981916	0.	0.
-2.209234162058353	0.	0.	0.	0.03525428671009794	0.	0.
-2.2082341620583525	0.	0.	0.	0.03537575553595207	0.	0.
-2.2072341620583527	0.	0.	0.	0.03549749996855118	0.	0.
-2.2062341620583528	0.	0.	0.	0.03561952044741454	0.	0.
-2.2052341620583524	0.	0.	0.	0.03574181741257194	0.	0.
-2.2042341620583525	0.	0.	0.	0.03586439130456162	0.	0.
-2.2032341620583527	0.	0.	0.	0.03598724256442836	0.	0.
-2.2022341620583528	0.	0.	0.	0.0361103716337213	0.	0.
-2.201234162058353	0.	0.	0.	0.03623377895449199	0.	0.
-2.2002341620583525	0.	0.	0.	0.03635746496929226	0.	0.
-2.1992341620583526	0.	0.	0.	0.0364814301211723	0.	0.
-2.1982341620583528	0.	0.	0.	0.03660567485367824	0.	0.
-2.1972341620583524	0.	0.	0.	0.03673019961085035	0.	0.
-2.1962341620583525	0.	0.	0.	0.03685500483722073	0.	0.
-2.1952341620583526	0.	0.	0.	0.03698009097781113	0.	0.
-2.1942341620583528	0.	0.	0.	0.03710545847813091	0.	0.
-2.193234162058353	0.	0.	0.	0.03723110778417465	0.	0.
-2.1922341620583525	0.	0.	0.	0.03735703934242006	0.	0.
-2.1912341620583526	0.	0.	0.	0.03748325359982585	0.	0.
-2.1902341620583528	0.	0.	0.	0.037609751003829205	0.	0.
-2.1892341620583524	0.	0.	0.	0.037736532002343635	0.	0.
-2.1882341620583525	0.	0.	0.	0.03786359704375687	0.	0.
-2.1872341620583526	0.	0.	0.	0.03799094657692821	0.	0.
-2.1862341620583527	0.	0.	0.	0.03811858105118642	0.	0.
-2.185234162058353	0.	0.	0.	0.03824650091632733	0.	0.
-2.1842341620583525	0.	0.	0.	0.03837470662261138	0.	0.
-2.1832341620583526	0.	0.	0.	0.038503198620761486	0.	0.
-2.1822341620583527	0.	0.	0.	0.03863197736196022	0.	0.
-2.1812341620583524	0.	0.	0.	0.038761043297847714	0.	0.
-2.1802341620583525	0.	0.	0.	0.038890396880519124	0.	0.
-2.1792341620583526	0.	0.	0.	0.039020038562522084	0.	0.
-2.1782341620583527	0.	0.	0.	0.03914996879685427	0.	0.
-2.177234162058353	0.	0.	0.	0.039280188036960886	0.	0.
-2.1762341620583525	0.	0.	0.	0.03941069673673205	0.	0.
-2.1752341620583526	0.	0.	0.	0.03954149535050051	0.	0.
-2.1742341620583527	0.	0.	0.	0.039672584333038656	0.	0.
-2.1732341620583524	0.	0.	0.	0.03980396413955624	0.	0.
-2.1722341620583525	0.	0.	0.	0.039935635225697715	0.	0.
-2.1712341620583526	0.	0.	0.	0.04006759804753943	0.	0.
-2.1702341620583527	0.	0.	0.	0.04019985306158719	0.	0.
-2.169234162058353	0.	0.	0.	0.040332400724773364	0.	0.
-2.1682341620583525	0.	0.	0.	0.04046524149445431	0.	0.
-2.1672341620583526	0.	0.	0.	0.04059837582840778	0.	0.
-2.1662341620583527	0.	0.	0.	0.040731804184829815	0.	0.
-2.165234162058353	0.	0.	0.	0.04086552702233234	0.	0.
-2.164234162058353	0.	0.	0.	0.04099954479994012	0.	0.
-2.1632341620583526	0.	0.	0.	0.041133857977088094	0.	0.
-2.1622341620583527	0.	0.	0.	0.04126846701361854	0.	0.
-2.161234162058353	0.	0.	0.	0.04140337236977809	0.	0.
-2.1602341620583525	0.	0.	0.	0.04153857450621498	0.	0.
-2.1592341620583526	0.	0.	0.	0.04167407388397617	0.	0.
-2.1582341620583527	0.	0.	0.	0.04180987096450424	0.	0.
-2.157234162058353	0.	0.	0.	0.04194596620963464	0.	0.
-2.156234162058353	0.	0.	0.	0.04208236008159259	0.	0.
-2.1552341620583526	0.	0.	0.	0.042219053042990166	0.	0.
-2.1542341620583527	0.	0.	0.	0.04235604555682326	0.	0.
-2.153234162058353	0.	0.	0.	0.042493338086468595	0.	0.
-2.1522341620583525	0.	0.	0.	0.04263093109568039	0.	0.
-2.1512341620583526	0.	0.	0.	0.042768825048587804	0.	0.
-2.1502341620583527	0.	0.	0.	0.04290702040969121	0.	0.
-2.149234162058353	0.	0.	0.	0.04304551764385957	0.	0.
-2.148234162058353	0.	0.	0.	0.0431843172163269	0.	0.
-2.1472341620583526	0.	0.	0.	0.04332341959268934	0.	0.
-2.1462341620583527	0.	0.	0.	0.04346282523890194	0.	0.
-2.145234162058353	0.	0.	0.	0.0436025346212752	0.	0.
-2.1442341620583525	0.	0.	0.	0.043742548206471964	0.	0.
-2.1432341620583526	0.	0.	0.	0.043882866461504355	0.	0.
-2.1422341620583527	0.	0.	0.	0.04402348985372998	0.	0.
-2.141234162058353	0.	0.	0.	0.04416441885084904	0.	0.
-2.140234162058353	0.	0.	0.	0.04430565392090076	0.	0.
-2.1392341620583526	0.	0.	0.	0.04444719553225996	0.	0.
-2.1382341620583527	0.	0.	0.	0.044589044153633996	0.	0.
-2.137234162058353	0.	0.	0.	0.04473120025405884	0.	0.
-2.1362341620583525	0.	0.	0.	0.04487366430289593	0.	0.
-2.1352341620583526	0.	0.	0.	0.04501643676982871	0.	0.
-2.1342341620583527	0.	0.	0.	0.045159518124858924	0.	0.
-2.133234162058353	0.	0.	0.	0.045302908838303214	0.	0.
-2.132234162058353	0.	0.	0.	0.04544660938078953	0.	0.
-2.1312341620583526	0.	0.	0.	0.045590620223253546	0.	0.
-2.1302341620583527	0.	0.	0.	0.045734941836935106	0.	0.
-2.129234162058353	0.	0.	0.	0.045879574693374434	0.	0.
-2.1282341620583525	0.	0.	0.	0.04602451926440855	0.	0.
-2.1272341620583526	0.	0.	0.	0.04616977602216773	0.	0.
-2.1262341620583527	0.	0.	0.	0.0463153454390715	0.	0.
-2.125234162058353	0.	0.	0.	0.04646122798782506	0.	0.
-2.124234162058353	0.	0.	0.	0.04660742414141536	0.	0.
-2.1232341620583526	0.	0.	0.	0.04675393437310762	0.	0.
-2.1222341620583527	0.	0.	0.	0.04690075915644123	0.	0.
-2.121234162058353	0.	0.	0.	0.04704789896522583	0.	0.
-2.1202341620583525	0.	0.	0.	0.04719535427353756	0.	0.
-2.1192341620583526	0.	0.	0.	0.0473431255557153	0.	0.
-2.1182341620583527	0.	0.	0.	0.04749121328635643	0.	0.
-2.117234162058353	0.	0.	0.	0.047639617940312955	0.	0.
-2.116234162058353	0.	0.	0.	0.047788339992687556	0.	0.
-2.1152341620583526	0.	0.	0.	0.04793737991882951	0.	0.
-2.1142341620583527	0.	0.	0.	0.0480867381943308	0.	0.
-2.113234162058353	0.	0.	0.	0.04823641529502176	0.	0.
-2.1122341620583525	0.	0.	0.	0.04838641169696704	0.	0.
-2.1112341620583526	0.	0.	0.	0.04853672787646165	0.	0.
-2.1102341620583527	0.	0.	0.	0.04868736431002659	0.	0.
-2.109234162058353	0.	0.	0.	0.04883832147440462	0.	0.
-2.108234162058353	0.	0.	0.	0.048989599846556174	0.	0.
-2.1072341620583526	0.	0.	0.	0.04914119990365492	0.	0.
-2.1062341620583527	0.	0.	0.	0.04929312212308387	0.	0.
-2.105234162058353	0.	0.	0.	0.04944536698243038	0.	0.
-2.1042341620583525	0.	0.	0.	0.04959793495948232	0.	0.
-2.1032341620583526	0.	0.	0.	0.04975082653222365	0.	0.
-2.1022341620583527	0.	0.	0.	0.049904042178829724	0.	0.
-2.101234162058353	0.	0.	0.	0.050057582377663036	0.	0.
-2.100234162058353	0.	0.	0.	0.05021144760726876	0.	0.
-2.0992341620583526	0.	0.	0.	0.05036563834637012	0.	0.
-2.0982341620583527	0.	0.	0.	0.050520155073864065	0.	0.
-2.097234162058353	0.	0.	0.	0.05067499826881639	0.	0.
-2.0962341620583524	0.	0.	0.	0.05083016841045731	0.	0.
-2.0952341620583526	0.	0.	0.	0.0509856659781769	0.	0.
-2.0942341620583527	0.	0.	0.	0.051141491451520256	0.	0.
-2.0932341620583528	0.	0.	0.	0.05129764531018284	0.	0.
-2.092234162058353	0.	0.	0.	0.05145412803400582	0.	0.
-2.0912341620583526	0.	0.	0.	0.05161094010297106	0.	0.
-2.0902341620583527	0.	0.	0.	0.05176808199719688	0.	0.
-2.0892341620583528	0.	0.	0.	0.051925554196932594	0.	0.
-2.0882341620583524	0.	0.	0.	0.05208335718255384	0.	0.
-2.0872341620583525	0.	0.	0.	0.05224149143455798	0.	0.
-2.0862341620583527	0.	0.	0.	0.05239995743355872	0.	0.
-2.0852341620583528	0.	0.	0.	0.052558755660281446	0.	0.
-2.084234162058353	0.	0.	0.	0.052717886595558046	0.	0.
-2.0832341620583525	0.	0.	0.	0.05287735072032204	0.	0.
-2.0822341620583527	0.	0.	0.	0.05303714851560343	0.	0.
-2.0812341620583528	0.	0.	0.	0.05319728046252345	0.	0.
-2.0802341620583524	0.	0.	0.	0.0533577470422897	0.	0.
-2.0792341620583525	0.	0.	0.	0.053518548736190795	0.	0.
-2.0782341620583527	0.	0.	0.	0.05367968602559125	0.	0.
-2.0772341620583528	0.	0.	0.	0.053841159391926074	0.	0.
-2.076234162058353	0.	0.	0.	0.05400296931669564	0.	0.
-2.0752341620583525	0.	0.	0.	0.05416511628146029	0.	0.
-2.0742341620583526	0.	0.	0.	0.05432760076783519	0.	0.
-2.0732341620583528	0.	0.	0.	0.054490423257484565	0.	0.
-2.0722341620583524	0.	0.	0.	0.05465358423211653	0.	0.
-2.0712341620583525	0.	0.	0.	0.054817084173477734	0.	0.
-2.0702341620583526	0.	0.	0.	0.05498092356334755	0.	0.
-2.0692341620583528	0.	0.	0.	0.05514510288353273	0.	0.
-2.068234162058353	0.	0.	0.	0.05530962261586183	0.	0.
-2.0672341620583525	0.	0.	0.	0.055474483242179524	0.	0.
-2.0662341620583526	0.	0.	0.	0.055639685244341194	0.	0.
-2.0652341620583528	0.	0.	0.	0.05580522910420684	0.	0.
-2.0642341620583524	0.	0.	0.	0.05597111530363563	0.	0.
-2.0632341620583525	0.	0.	0.	0.056137344324480316	0.	0.
-2.0622341620583526	0.	0.	0.	0.056303916648580955	0.	0.
-2.0612341620583527	0.	0.	0.	0.056470832757759444	0.	0.
-2.060234162058353	0.	0.	0.	0.056638093133813495	0.	0.
-2.0592341620583525	0.	0.	0.	0.05680569825851083	0.	0.
-2.0582341620583526	0.	0.	0.	0.056973648613583124	0.	0.
-2.0572341620583527	0.	0.	0.	0.05714194468072012	0.	0.
-2.0562341620583524	0.	0.	0.	0.057310586941563386	0.	0.
-2.0552341620583525	0.	0.	0.	0.05747957587770057	0.	0.
-2.0542341620583526	0.	0.	0.	0.05764891197065901	0.	0.
-2.0532341620583527	0.	0.	0.	0.057818595701899664	0.	0.
-2.052234162058353	0.	0.	0.	0.05798862755281104	0.	0.
-2.0512341620583525	0.	0.	0.	0.05815900800470268	0.	0.
-2.0502341620583526	0.	0.	0.	0.05832973753879939	0.	0.
-2.0492341620583527	0.	0.	0.	0.058500816636234326	0.	0.
-2.0482341620583524	0.	0.	0.	0.05867224577804299	0.	0.
-2.0472341620583525	0.	0.	0.	0.058844025445156885	0.	0.
-2.0462341620583526	0.	0.	0.	0.059016156118396855	0.	0.
-2.0452341620583527	0.	0.	0.	0.05918863827846679	0.	0.
-2.044234162058353	0.	0.	0.	0.059361472405946934	0.	0.
-2.0432341620583525	0.	0.	0.	0.059534658981287486	0.	0.
-2.0422341620583526	0.	0.	0.	0.05970819848480196	0.	0.
-2.0412341620583527	0.	0.	0.	0.05988209139666051	0.	0.
-2.0402341620583524	0.	0.	0.	0.060056338196883045	0.	0.
-2.039234162058353	0.	0.	0.	0.06023093936533305	0.	0.
-2.0382341620583526	0.	0.	0.	0.060405895381709984	0.	0.
-2.0372341620583527	0.	0.	0.	0.06058120672554341	0.	0.
-2.036234162058353	0.	0.	0.	0.06075687387618525	0.	0.
-2.0352341620583525	0.	0.	0.	0.0609328973128034	0.	0.
-2.0342341620583526	0.	0.	0.	0.061109277514374775	0.	0.
-2.0332341620583527	0.	0.	0.	0.061286014959677976	0.	0.
-2.032234162058353	0.	0.	0.	0.06146311012728651	0.	0.
-2.031234162058353	0.	0.	0.	0.06164056349556173	0.	0.
-2.0302341620583526	0.	0.	0.	0.061818375542645465	0.	0.
-2.0292341620583527	0.	0.	0.	0.061996546746453156	0.	0.
-2.028234162058353	0.	0.	0.	0.06217507758466639	0.	0.
-2.0272341620583525	0.	0.	0.	0.06235396853472557	0.	0.
-2.0262341620583526	0.	0.	0.	0.0625332200738231	0.	0.
-2.0252341620583527	0.	0.	0.	0.06271283267889534	0.	0.
-2.024234162058353	0.	0.	0.	0.06289280682661558	0.	0.
-2.023234162058353	0.	0.	0.	0.06307314299338655	0.	0.
-2.0222341620583526	0.	0.	0.	0.06325384165533285	0.	0.
-2.0212341620583527	0.	0.	0.	0.06343490328829361	0.	0.
-2.020234162058353	0.	0.	0.	0.0636163283678145	0.	0.
-2.0192341620583525	0.	0.	0.	0.06379811736914034	0.	0.
-2.0182341620583526	0.	0.	0.	0.06398027076720754	0.	0.
-2.0172341620583527	0.	0.	0.	0.064162789036636	0.	0.
-2.016234162058353	0.	0.	0.	0.06434567265172153	0.	0.
-2.015234162058353	0.	0.	0.	0.06452892208642802	0.	0.
-2.0142341620583526	0.	0.	0.	0.06471253781437948	0.	0.
-2.0132341620583527	0.	0.	0.	0.06489652030885226	0.	0.
-2.012234162058353	0.	0.	0.	0.06508087004276684	0.	0.
-2.0112341620583525	0.	0.	0.	0.06526558748867972	0.	0.
-2.0102341620583526	0.	0.	0.	0.06545067311877585	0.	0.
-2.0092341620583527	0.	0.	0.	0.0656361274048598	0.	0.
-2.008234162058353	0.	0.	0.	0.06582195081834814	0.	0.
-2.007234162058353	0.	0.	0.	0.06600814383026089	0.	0.
-2.0062341620583526	0.	0.	0.	0.06619470691121324	0.	0.
-2.0052341620583527	0.	0.	0.	0.06638164053140737	0.	0.
-2.004234162058353	0.	0.	0.	0.06656894516062387	0.	0.
-2.0032341620583525	0.	0.	0.	0.06675662126821344	0.	0.
-2.0022341620583526	0.	0.	0.	0.0669446693230883	0.	0.
-2.0012341620583527	0.	0.	0.	0.06713308979371371	0.	0.
-2.000234162058353	0.	0.	0.	0.06732188314809921	0.	0.
-1.9992341620583527	0.	0.	0.	0.06751104985379014	0.	0.
-1.9982341620583526	0.	0.	0.	0.06770059037785883	0.	0.
-1.9972341620583527	0.	0.	0.	0.06789050518689592	0.	0.
-1.9962341620583528	0.	0.	0.	0.0680807947470014	0.	0.
-1.9952341620583527	0.	0.	0.	0.06827145952377582	0.	0.
-1.9942341620583526	0.	0.	0.	0.06846249998231145	0.	0.
-1.9932341620583527	0.	0.	0.	0.06865391658718312	0.	0.
-1.9922341620583528	0.	0.	0.	0.06884570980243927	0.	0.
-1.9912341620583527	0.	0.	0.	0.06903788009159284	0.	0.
-1.9902341620583526	0.	0.	0.	0.06923042791761208	0.	0.
-1.9892341620583527	0.	0.	0.	0.06942335374291161	0.	0.
-1.9882341620583528	0.	0.	0.	0.06961665802934273	0.	0.
-1.9872341620583527	0.	0.	0.	0.06981034123818422	0.	0.
-1.9862341620583526	0.	0.	0.	0.07000440383013344	0.	0.
-1.9852341620583527	0.	0.	0.	0.07019884626529617	0.	0.
-1.9842341620583528	0.	0.	0.	0.07039366900317753	0.	0.
-1.9832341620583527	0.	0.	0.	0.0705888725026724	0.	0.
-1.9822341620583526	0.	0.	0.	0.07078445722205576	0.	0.
-1.9812341620583527	0.	0.	0.	0.07098042361897314	0.	0.
-1.9802341620583528	0.	0.	0.	0.0711767721504307	0.	0.
-1.9792341620583527	0.	0.	0.	0.0713735032727854	0.	0.
-1.9782341620583526	0.	0.	0.	0.07157061744173568	0.	0.
-1.9772341620583527	0.	0.	0.	0.0717681151123109	0.	0.
-1.9762341620583528	0.	0.	0.	0.07196599673886171	0.	0.
-1.9752341620583527	0.	0.	0.	0.07216426277504999	0.	0.
-1.9742341620583526	0.	0.	0.	0.0723629136738387	0.	0.
-1.9732341620583527	0.	0.	0.	0.07256194988748207	0.	0.
-1.9722341620583528	0.	0.	0.	0.07276137186751479	0.	0.
-1.9712341620583527	0.	0.	0.	0.07296118006474217	0.	0.
-1.9702341620583526	0.	0.	0.	0.07316137492922993	0.	0.
-1.9692341620583527	0.	0.	0.	0.07336195691029326	0.	0.
-1.9682341620583528	0.	0.	0.	0.07356292645648702	0.	0.
-1.9672341620583527	0.	0.	0.	0.07376428401559475	0.	0.
-1.9662341620583526	0.	0.	0.	0.0739660300346182	0.	0.
-1.9652341620583527	0.	0.	0.	0.07416816495976698	0.	0.
-1.9642341620583528	0.	0.	0.	0.07437068923644746	0.	0.
-1.9632341620583527	0.	0.	0.	0.07457360330925213	0.	0.
-1.9622341620583525	0.	0.	0.	0.07477690762194902	0.	0.
-1.9612341620583527	0.	0.	0.	0.07498060261747039	0.	0.
-1.9602341620583528	0.	0.	0.	0.07518468873790202	0.	0.
-1.9592341620583527	0.	0.	0.	0.07538916642447209	0.	0.
-1.9582341620583525	0.	0.	0.	0.07559403611754019	0.	0.
-1.9572341620583527	0.	0.	0.	0.0757992982565862	0.	0.
-1.9562341620583528	0.	0.	0.	0.07600495328019871	0.	0.
-1.9552341620583527	0.	0.	0.	0.07621100162606416	0.	0.
-1.9542341620583525	0.	0.	0.	0.07641744373095534	0.	0.
-1.9532341620583527	0.	0.	0.	0.07662428003071978	0.	0.
-1.9522341620583528	0.	0.	0.	0.0768315109602685	0.	0.
-1.9512341620583527	0.	0.	0.	0.07703913695356425	0.	0.
-1.9502341620583525	0.	0.	0.	0.07724715844361008	0.	0.
-1.9492341620583526	0.	0.	0.	0.0774555758624376	0.	0.
-1.9482341620583528	0.	0.	0.	0.077664389641095	0.	0.
-1.9472341620583526	0.	0.	0.	0.07787360020963532	0.	0.
-1.9462341620583525	0.	0.	0.	0.07808320799710489	0.	0.
-1.9452341620583526	0.	0.	0.	0.07829321343153077	0.	0.
-1.9442341620583528	0.	0.	0.	0.0785036169399091	0.	0.
-1.9432341620583526	0.	0.	0.	0.07871441894819274	0.	0.
-1.9422341620583525	0.	0.	0.	0.07892561988127926	0.	0.
-1.9412341620583526	0.	0.	0.	0.07913722016299886	0.	0.
-1.9402341620583528	0.	0.	0.	0.07934922021610145	0.	0.
-1.9392341620583526	0.	0.	0.	0.07956162046224463	0.	0.
-1.9382341620583525	0.	0.	0.	0.07977442132198148	0.	0.
-1.9372341620583526	0.	0.	0.	0.07998762321474742	0.	0.
-1.9362341620583527	0.	0.	0.	0.08020122655884789	0.	0.
-1.9352341620583526	0.	0.	0.	0.0804152317714457	0.	0.
-1.9342341620583525	0.	0.	0.	0.080629639268548	0.	0.
-1.9332341620583526	0.	0.	0.	0.08084444946499408	0.	0.
-1.9322341620583527	0.	0.	0.	0.08105966277444142	0.	0.
-1.9312341620583526	0.	0.	0.	0.08127527960935352	0.	0.
-1.9302341620583525	0.	0.	0.	0.08149130038098668	0.	0.
-1.9292341620583526	0.	0.	0.	0.08170772549937652	0.	0.
-1.9282341620583527	0.	0.	0.	0.081924555373325	0.	0.
-1.9272341620583526	0.	0.	0.	0.0821417904103871	0.	0.
-1.9262341620583525	0.	0.	0.	0.0823594310168574	0.	0.
-1.9252341620583526	0.	0.	0.	0.08257747759775684	0.	0.
-1.9242341620583527	0.	0.	0.	0.08279593055681872	0.	0.
-1.9232341620583526	0.	0.	0.	0.08301479029647538	0.	0.
-1.9222341620583525	0.	0.	0.	0.08323405721784469	0.	0.
-1.9212341620583526	0.	0.	0.	0.08345373172071589	0.	0.
-1.9202341620583527	0.	0.	0.	0.0836738142035359	0.	0.
-1.9192341620583526	0.	0.	0.	0.08389430506339544	0.	0.
-1.9182341620583525	0.	0.	0.	0.08411520469601495	0.	0.
-1.9172341620583526	0.	0.	0.	0.08433651349573072	0.	0.
-1.9162341620583527	0.	0.	0.	0.08455823185548028	0.	0.
-1.9152341620583526	0.	0.	0.	0.08478036016678839	0.	0.
-1.9142341620583525	0.	0.	0.	0.08500289881975286	0.	0.
-1.9132341620583526	0.	0.	0.	0.08522584820302993	0.	0.
-1.9122341620583527	0.	0.	0.	0.08544920870381961	0.	0.
-1.9112341620583526	0.	0.	0.	0.08567298070785152	0.	0.
-1.9102341620583527	0.	0.	0.	0.08589716459936972	0.	0.
-1.9092341620583526	0.	0.	0.	0.08612176076111867	0.	0.
-1.9082341620583527	0.	0.	0.	0.08634676957432745	0.	0.
-1.9072341620583528	0.	0.	0.	0.08657219141869561	0.	0.
-1.9062341620583527	0.	0.	0.	0.08679802667237772	0.	0.
-1.9052341620583526	0.	0.	0.	0.08702427571196847	0.	0.
-1.9042341620583527	0.	0.	0.	0.08725093891248761	0.	0.
-1.9032341620583528	0.	0.	0.	0.08747801664736436	0.	0.
-1.9022341620583527	0.	0.	0.	0.0877055092884221	0.	0.
-1.9012341620583526	0.	0.	0.	0.08793341720586334	0.	0.
-1.9002341620583527	0.	0.	0.	0.08816174076825359	0.	0.
-1.8992341620583528	0.	0.	0.	0.08839048034250628	0.	0.
-1.8982341620583527	0.	0.	0.	0.08861963629386659	0.	0.
-1.8972341620583526	0.	0.	0.	0.08884920898589596	0.	0.
-1.8962341620583527	0.	0.	0.	0.08907919878045624	0.	0.
-1.8952341620583528	0.	0.	0.	0.08930960603769345	0.	0.
-1.8942341620583527	0.	0.	0.	0.08954043111602171	0.	0.
-1.8932341620583526	0.	0.	0.	0.08977167437210756	0.	0.
-1.8922341620583527	0.	0.	0.	0.09000333616085301	0.	0.
-1.8912341620583528	0.	0.	0.	0.09023541683537989	0.	0.
-1.8902341620583527	0.	0.	0.	0.09046791674701268	0.	0.
-1.8892341620583526	0.	0.	0.	0.0907008362452626	0.	0.
-1.8882341620583527	0.	0.	0.	0.09093417567781087	0.	0.
-1.8872341620583528	0.	0.	0.	0.09116793539049169	0.	0.
-1.8862341620583527	0.	0.	0.	0.09140211572727552	0.	0.
-1.8852341620583526	0.	0.	0.	0.09163671703025265	0.	0.
-1.8842341620583527	0.	0.	0.	0.09187173963961545	0.	0.
-1.8832341620583528	0.	0.	0.	0.09210718389364186	0.	0.
-1.8822341620583527	0.	0.	0.	0.09234305012867791	0.	0.
-1.8812341620583526	0.	0.	0.	0.09257933867912033	0.	0.
-1.8802341620583527	0.	0.	0.	0.09281604987739973	0.	0.
-1.8792341620583528	0.	0.	0.	0.09305318405396244	0.	0.
-1.8782341620583527	0.	0.	0.	0.09329074153725309	0.	0.
-1.8772341620583526	0.	0.	0.	0.09352872265369737	0.	0.
-1.8762341620583527	0.	0.	0.	0.09376712772768374	0.	0.
-1.8752341620583528	0.	0.	0.	0.09400595708154562	0.	0.
-1.8742341620583527	0.	0.	0.	0.09424521103554365	0.	0.
-1.8732341620583526	0.	0.	0.	0.09448488990784736	0.	0.
-1.8722341620583527	0.	0.	0.	0.0947249940145174	0.	0.
-1.8712341620583528	0.	0.	0.	0.09496552366948657	0.	0.
-1.8702341620583527	0.	0.	0.	0.09520647918454186	0.	0.
-1.8692341620583526	0.	0.	0.	0.0954478608693063	0.	0.
-1.8682341620583527	0.	0.	0.	0.09568966903121953	0.	0.
-1.8672341620583528	0.	0.	0.	0.09593190397551977	0.	0.
-1.8662341620583527	0.	0.	0.	0.09617456600522464	0.	0.
-1.8652341620583526	0.	0.	0.	0.09641765542111257	0.	0.
-1.8642341620583527	0.	0.	0.	0.09666117252170364	0.	0.
-1.8632341620583528	0.	0.	0.	0.09690511760324039	0.	0.
-1.8622341620583527	0.	0.	0.	0.09714949095966853	0.	0.
-1.8612341620583526	0.	0.	0.	0.09739429288261799	0.	0.
-1.8602341620583527	0.	0.	0.	0.09763952366138309	0.	0.
-1.8592341620583528	0.	0.	0.	0.09788518358290306	0.	0.
-1.8582341620583527	0.	0.	0.	0.0981312729317426	0.	0.
-1.8572341620583526	0.	0.	0.	0.09837779199007178	0.	0.
-1.8562341620583527	0.	0.	0.	0.09862474103764667	0.	0.
-1.8552341620583528	0.	0.	0.	0.09887212035178874	0.	0.
-1.8542341620583527	0.	0.	0.	0.09911993020736504	0.	0.
-1.8532341620583526	0.	0.	0.	0.09936817087676837	0.	0.
-1.8522341620583527	0.	0.	0.	0.09961684262989642	0.	0.
-1.8512341620583528	0.	0.	0.	0.09986594573413139	0.	0.
-1.8502341620583527	0.	0.	0.	0.10011548045431974	0.	0.
-1.8492341620583526	0.	0.	0.	0.10036544705275126	0.	0.
-1.8482341620583527	0.	0.	0.	0.10061584578913876	0.	0.
-1.8472341620583528	0.	0.	0.	0.10086667692059646	0.	0.
-1.8462341620583527	0.	0.	0.	0.10111794070161945	0.	0.
-1.8452341620583526	0.	0.	0.	0.1013696373840628	0.	0.
-1.8442341620583527	0.	0.	0.	0.10162176721711967	0.	0.
-1.8432341620583528	0.	0.	0.	0.10187433044730049	0.	0.