0.00001	 0.	 0.	 0.	4.15486	 0.	 0.
0.00002	 0.	 0.	 0.	4.13336	 0.	 0.
0.00003	 0.	 0.	 0.	4.11197	 0.	 0.
0.00004	 0.	 0.	 0.	4.0907	 0.	 0.
0.00005	 0.	 0.	 0.	4.06954	 0.	 0.
0.00006	 0.	 0.	 0.	4.04848	 0.	 0.
0.00007	 0.	 0.	 0.	4.02754	 0.	 0.
0.00008	 0.	 0.	 0.	4.0067	 0.	 0.
0.00009	 0.	 0.	 0.	3.98597	 0.	 0.
0.0001	 0.	 0.	 0.	3.96535	 0.	 0.
0.00011	 0.	 0.	 0.	3.94483	 0.	 0.
0.00012	 0.	 0.	 0.	3.92442	 0.	 0.
0.00013	 0.	 0.	 0.	3.90412	 0.	 0.
0.00014	 0.	 0.	 0.	3.88392	 0.	 0.
0.00015	 0.	 0.	 0.	3.86383	 0.	 0.
0.00016	 0.	 0.	 0.	3.84384	 0.	 0.
0.00017	 0.	 0.	 0.	3.82395	 0.	 0.
0.00018	 0.	 0.	 0.	3.80417	 0.	 0.
0.00019	 0.	 0.	 0.	3.78448	 0.	 0.
0.0002	 0.	 0.	 0.	3.7649	 0.	 0.
0.00021	 0.	 0.	 0.	3.74543	 0.	 0.
0.00022	 0.	 0.	 0.	3.72605	 0.	 0.
0.00023	 0.	 0.	 0.	3.70677	 0.	 0.
0.00024	 0.	 0.	 0.	3.68759	 0.	 0.
0.00025	 0.	 0.	 0.	3.66851	 0.	 0.
0.00026	 0.	 0.	 0.	3.64953	 0.	 0.
0.00027	 0.	 0.	 0.	3.63065	 0.	 0.
0.00028	 0.	 0.	 0.	3.61187	 0.	 0.
0.00029	 0.	 0.	 0.	3.59318	 0.	 0.
0.0003	 0.	 0.	 0.	3.57459	 0.	 0.
0.00031	 0.	 0.	 0.	3.5561	 0.	 0.
0.00032	 0.	 0.	 0.	3.5377	 0.	 0.
0.00033	 0.	 0.	 0.	3.5194	 0.	 0.
0.00034	 0.	 0.	 0.	3.50119	 0.	 0.
0.00035	 0.	 0.	 0.	3.48308	 0.	 0.
0.00036	 0.	 0.	 0.	3.46506	 0.	 0.
0.00037	 0.	 0.	 0.	3.44713	 0.	 0.
0.00038	 0.	 0.	 0.	3.42929	 0.	 0.
0.00039	 0.	 0.	 0.	3.41155	 0.	 0.
0.0004	 0.	 0.	 0.	3.3939	 0.	 0.
0.00041	 0.	 0.	 0.	3.37634	 0.	 0.
0.00042	 0.	 0.	 0.	3.35887	 0.	 0.
0.00043	 0.	 0.	 0.	3.3415	 0.	 0.
0.00044	 0.	 0.	 0.	3.32421	 0.	 0.
0.00045	 0.	 0.	 0.	3.30701	 0.	 0.
0.00046	 0.	 0.	 0.	3.2899	 0.	 0.
0.00047	 0.	 0.	 0.	3.27288	 0.	 0.
0.00048	 0.	 0.	 0.	3.25595	 0.	 0.
0.00049	 0.	 0.	 0.	3.2391	 0.	 0.
0.0005	 0.	 0.	 0.	3.22234	 0.	 0.
0.00051	 0.	 0.	 0.	3.20567	 0.	 0.
0.00052	 0.	 0.	 0.	3.18909	 0.	 0.
0.00053	 0.	 0.	 0.	3.17259	 0.	 0.
0.00054	 0.	 0.	 0.	3.15617	 0.	 0.
0.00055	 0.	 0.	 0.	3.13985	 0.	 0.
0.00056	 0.	 0.	 0.	3.1236	 0.	 0.
0.00057	 0.	 0.	 0.	3.10744	 0.	 0.
0.00058	 0.	 0.	 0.	3.09136	 0.	 0.
0.00059	 0.	 0.	 0.	3.07537	 0.	 0.
0.0006	 0.	 0.	 0.	3.05946	 0.	 0.
0.00061	 0.	 0.	 0.	3.04363	 0.	 0.
0.00062	 0.	 0.	 0.	3.02788	 0.	 0.
0.00063	 0.	 0.	 0.	3.01222	 0.	 0.
0.00064	 0.	 0.	 0.	2.99663	 0.	 0.
0.00065	 0.	 0.	 0.	2.98113	 0.	 0.
0.00066	 0.	 0.	 0.	2.96571	 0.	 0.
0.00067	 0.	 0.	 0.	2.95036	 0.	 0.
0.00068	 0.	 0.	 0.	2.9351	 0.	 0.
0.00069	 0.	 0.	 0.	2.91991	 0.	 0.
0.0007	 0.	 0.	 0.	2.90481	 0.	 0.
0.00071	 0.	 0.	 0.	2.88978	 0.	 0.
0.00072	 0.	 0.	 0.	2.87483	 0.	 0.
0.00073	 0.	 0.	 0.	2.85995	 0.	 0.
0.00074	 0.	 0.	 0.	2.84516	 0.	 0.
0.00075	 0.	 0.	 0.	2.83044	 0.	 0.
0.00076	 0.	 0.	 0.	2.81579	 0.	 0.
0.00077	 0.	 0.	 0.	2.80123	 0.	 0.
0.00078	 0.	 0.	 0.	2.78673	 0.	 0.
0.00079	 0.	 0.	 0.	2.77232	 0.	 0.
0.0008	 0.	 0.	 0.	2.75797	 0.	 0.
0.00081	 0.	 0.	 0.	2.7437	 0.	 0.
0.00082	 0.	 0.	 0.	2.72951	 0.	 0.
0.00083	 0.	 0.	 0.	2.71539	 0.	 0.
0.00084	 0.	 0.	 0.	2.70134	 0.	 0.
0.00085	 0.	 0.	 0.	2.68736	 0.	 0.
0.00086	 0.	 0.	 0.	2.67346	 0.	 0.
0.00087	 0.	 0.	 0.	2.65963	 0.	 0.
0.00088	 0.	 0.	 0.	2.64587	 0.	 0.
0.00089	 0.	 0.	 0.	2.63218	 0.	 0.
0.0009	 0.	 0.	 0.	2.61856	 0.	 0.
0.00091	 0.	 0.	 0.	2.60501	 0.	 0.
0.00092	 0.	 0.	 0.	2.59153	 0.	 0.
0.00093	 0.	 0.	 0.	2.57813	 0.	 0.
0.00094	 0.	 0.	 0.	2.56479	 0.	 0.
0.00095	 0.	 0.	 0.	2.55152	 0.	 0.
0.00096	 0.	 0.	 0.	2.53832	 0.	 0.
0.00097	 0.	 0.	 0.	2.52519	 0.	 0.
0.00098	 0.	 0.	 0.	2.51212	 0.	 0.
0.00099	 0.	 0.	 0.	2.49912	 0.	 0.
0.001	 0.	 0.	 0.	2.48619	 0.	 0.
0.00101	 0.	 0.	 0.	2.47333	 0.	 0.
0.00102	 0.	 0.	 0.	2.46054	 0.	 0.
0.00103	 0.	 0.	 0.	2.44781	 0.	 0.
0.00104	 0.	 0.	 0.	2.43514	 0.	 0.
0.00105	 0.	 0.	 0.	2.42254	 0.	 0.
0.00106	 0.	 0.	 0.	2.41001	 0.	 0.
0.00107	 0.	 0.	 0.	2.39754	 0.	 0.
0.00108	 0.	 0.	 0.	2.38514	 0.	 0.
0.00109	 0.	 0.	 0.	2.3728	 0.	 0.
0.0011	 0.	 0.	 0.	2.36052	 0.	 0.
0.00111	 0.	 0.	 0.	2.34831	 0.	 0.
0.00112	 0.	 0.	 0.	2.33616	 0.	 0.
0.00113	 0.	 0.	 0.	2.32407	 0.	 0.
0.00114	 0.	 0.	 0.	2.31205	 0.	 0.
0.00115	 0.	 0.	 0.	2.30009	 0.	 0.
0.00116	 0.	 0.	 0.	2.28819	 0.	 0.
0.00117	 0.	 0.	 0.	2.27635	 0.	 0.
0.00118	 0.	 0.	 0.	2.26457	 0.	 0.
0.00119	 0.	 0.	 0.	2.25285	 0.	 0.
0.0012	 0.	 0.	 0.	2.2412	 0.	 0.
0.00121	 0.	 0.	 0.	2.2296	 0.	 0.
0.00122	 0.	 0.	 0.	2.21807	 0.	 0.
0.00123	 0.	 0.	 0.	2.20659	 0.	 0.
0.00124	 0.	 0.	 0.	2.19518	 0.	 0.
0.00125	 0.	 0.	 0.	2.18382	 0.	 0.
0.00126	 0.	 0.	 0.	2.17252	 0.	 0.
0.00127	 0.	 0.	 0.	2.16128	 0.	 0.
0.00128	 0.	 0.	 0.	2.1501	 0.	 0.
0.00129	 0.	 0.	 0.	2.13898	 0.	 0.
0.0013	 0.	 0.	 0.	2.12791	 0.	 0.
0.00131	 0.	 0.	 0.	2.1169	 0.	 0.
0.00132	 0.	 0.	 0.	2.10595	 0.	 0.
0.00133	 0.	 0.	 0.	2.09505	 0.	 0.
0.00134	 0.	 0.	 0.	2.08421	 0.	 0.
0.00135	 0.	 0.	 0.	2.07343	 0.	 0.
0.00136	 0.	 0.	 0.	2.0627	 0.	 0.
0.00137	 0.	 0.	 0.	2.05203	 0.	 0.
0.00138	 0.	 0.	 0.	2.04141	 0.	 0.
0.00139	 0.	 0.	 0.	2.03085	 0.	 0.
0.0014	 0.	 0.	 0.	2.02035	 0.	 0.
0.00141	 0.	 0.	 0.	2.00989	 0.	 0.
0.00142	 0.	 0.	 0.	1.99949	 0.	 0.
0.00143	 0.	 0.	 0.	1.98915	 0.	 0.
0.00144	 0.	 0.	 0.	1.97886	 0.	 0.
0.00145	 0.	 0.	 0.	1.96862	 0.	 0.
0.00146	 0.	 0.	 0.	1.95844	 0.	 0.
0.00147	 0.	 0.	 0.	1.9483	 0.	 0.
0.00148	 0.	 0.	 0.	1.93822	 0.	 0.
0.00149	 0.	 0.	 0.	1.9282	 0.	 0.
0.0015	 0.	 0.	 0.	1.91822	 0.	 0.
0.00151	 0.	 0.	 0.	1.9083	 0.	 0.
0.00152	 0.	 0.	 0.	1.89842	 0.	 0.
0.00153	 0.	 0.	 0.	1.8886	 0.	 0.
0.00154	 0.	 0.	 0.	1.87883	 0.	 0.
0.00155	 0.	 0.	 0.	1.86911	 0.	 0.
0.00156	 0.	 0.	 0.	1.85944	 0.	 0.
0.00157	 0.	 0.	 0.	1.84982	 0.	 0.
0.00158	 0.	 0.	 0.	1.84025	 0.	 0.
0.00159	 0.	 0.	 0.	1.83073	 0.	 0.
0.0016	 0.	 0.	 0.	1.82126	 0.	 0.
0.00161	 0.	 0.	 0.	1.81183	 0.	 0.
0.00162	 0.	 0.	 0.	1.80246	 0.	 0.
0.00163	 0.	 0.	 0.	1.79313	 0.	 0.
0.00164	 0.	 0.	 0.	1.78386	 0.	 0.
0.00165	 0.	 0.	 0.	1.77463	 0.	 0.
0.00166	 0.	 0.	 0.	1.76545	 0.	 0.
0.00167	 0.	 0.	 0.	1.75631	 0.	 0.
0.00168	 0.	 0.	 0.	1.74723	 0.	 0.
0.00169	 0.	 0.	 0.	1.73819	 0.	 0.
0.0017	 0.	 0.	 0.	1.72919	 0.	 0.
0.00171	 0.	 0.	 0.	1.72025	 0.	 0.
0.00172	 0.	 0.	 0.	1.71135	 0.	 0.
0.00173	 0.	 0.	 0.	1.70249	 0.	 0.
0.00174	 0.	 0.	 0.	1.69369	 0.	 0.
0.00175	 0.	 0.	 0.	1.68492	 0.	 0.
0.00176	 0.	 0.	 0.	1.67621	 0.	 0.
0.00177	 0.	 0.	 0.	1.66753	 0.	 0.
0.00178	 0.	 0.	 0.	1.65891	 0.	 0.
0.00179	 0.	 0.	 0.	1.65032	 0.	 0.
0.0018	 0.	 0.	 0.	1.64179	 0.	 0.
0.00181	 0.	 0.	 0.	1.63329	 0.	 0.
0.00182	 0.	 0.	 0.	1.62484	 0.	 0.
0.00183	 0.	 0.	 0.	1.61643	 0.	 0.
0.00184	 0.	 0.	 0.	1.60807	 0.	 0.
0.00185	 0.	 0.	 0.	1.59975	 0.	 0.
0.00186	 0.	 0.	 0.	1.59148	 0.	 0.
0.00187	 0.	 0.	 0.	1.58324	 0.	 0.
0.00188	 0.	 0.	 0.	1.57505	 0.	 0.
0.00189	 0.	 0.	 0.	1.5669	 0.	 0.
0.0019	 0.	 0.	 0.	1.5588	 0.	 0.
0.00191	 0.	 0.	 0.	1.55073	 0.	 0.
0.00192	 0.	 0.	 0.	1.54271	 0.	 0.
0.00193	 0.	 0.	 0.	1.53473	 0.	 0.
0.00194	 0.	 0.	 0.	1.52679	 0.	 0.
0.00195	 0.	 0.	 0.	1.51889	 0.	 0.
0.00196	 0.	 0.	 0.	1.51103	 0.	 0.
0.00197	 0.	 0.	 0.	1.50321	 0.	 0.
0.00198	 0.	 0.	 0.	1.49543	 0.	 0.
0.00199	 0.	 0.	 0.	1.4877	 0.	 0.
0.002	 0.	 0.	 0.	1.48	 0.	 0.
0.00201	 0.	 0.	 0.	1.47234	 0.	 0.
0.00202	 0.	 0.	 0.	1.46473	 0.	 0.
0.00203	 0.	 0.	 0.	1.45715	 0.	 0.
0.00204	 0.	 0.	 0.	1.44961	 0.	 0.
0.00205	 0.	 0.	 0.	1.44211	 0.	 0.
0.00206	 0.	 0.	 0.	1.43465	 0.	 0.
0.00207	 0.	 0.	 0.	1.42723	 0.	 0.
0.00208	 0.	 0.	 0.	1.41984	 0.	 0.
0.00209	 0.	 0.	 0.	1.4125	 0.	 0.
0.0021	 0.	 0.	 0.	1.40519	 0.	 0.
0.00211	 0.	 0.	 0.	1.39792	 0.	 0.
0.00212	 0.	 0.	 0.	1.39069	 0.	 0.
0.00213	 0.	 0.	 0.	1.38349	 0.	 0.
0.00214	 0.	 0.	 0.	1.37633	 0.	 0.
0.00215	 0.	 0.	 0.	1.36921	 0.	 0.
0.00216	 0.	 0.	 0.	1.36213	 0.	 0.
0.00217	 0.	 0.	 0.	1.35508	 0.	 0.
0.00218	 0.	 0.	 0.	1.34807	 0.	 0.
0.00219	 0.	 0.	 0.	1.3411	 0.	 0.
0.0022	 0.	 0.	 0.	1.33416	 0.	 0.
0.00221	 0.	 0.	 0.	1.32725	 0.	 0.
0.00222	 0.	 0.	 0.	1.32039	 0.	 0.
0.00223	 0.	 0.	 0.	1.31356	 0.	 0.
0.00224	 0.	 0.	 0.	1.30676	 0.	 0.
0.00225	 0.	 0.	 0.	1.3	 0.	 0.
0.00226	 0.	 0.	 0.	1.29364	 0.	 0.
0.00227	 0.	 0.	 0.	1.28731	 0.	 0.
0.00228	 0.	 0.	 0.	1.28101	 0.	 0.
0.00229	 0.	 0.	 0.	1.27475	 0.	 0.
0.0023	 0.	 0.	 0.	1.26851	 0.	 0.
0.00231	 0.	 0.	 0.	1.26231	 0.	 0.
0.00232	 0.	 0.	 0.	1.25613	 0.	 0.
0.00233	 0.	 0.	 0.	1.24998	 0.	 0.
0.00234	 0.	 0.	 0.	1.24387	 0.	 0.
0.00235	 0.	 0.	 0.	1.23778	 0.	 0.
0.00236	 0.	 0.	 0.	1.23173	 0.	 0.
0.00237	 0.	 0.	 0.	1.2257	 0.	 0.
0.00238	 0.	 0.	 0.	1.21971	 0.	 0.
0.00239	 0.	 0.	 0.	1.21374	 0.	 0.
0.0024	 0.	 0.	 0.	1.2078	 0.	 0.
0.00241	 0.	 0.	 0.	1.20189	 0.	 0.
0.00242	 0.	 0.	 0.	1.19601	 0.	 0.
0.00243	 0.	 0.	 0.	1.19016	 0.	 0.
0.00244	 0.	 0.	 0.	1.18434	 0.	 0.
0.00245	 0.	 0.	 0.	1.17855	 0.	 0.
0.00246	 0.	 0.	 0.	1.17278	 0.	 0.
0.00247	 0.	 0.	 0.	1.16704	 0.	 0.
0.00248	 0.	 0.	 0.	1.16133	 0.	 0.
0.00249	 0.	 0.	 0.	1.15565	 0.	 0.
0.0025	 0.	 0.	 0.	1.15	 0.	 0.
0.00251	 0.	 0.	 0.	1.14359	 0.	 0.
0.00252	 0.	 0.	 0.	1.13721	 0.	 0.
0.00253	 0.	 0.	 0.	1.13087	 0.	 0.
0.00254	 0.	 0.	 0.	1.12457	 0.	 0.
0.00255	 0.	 0.	 0.	1.1183	 0.	 0.
0.00256	 0.	 0.	 0.	1.11207	 0.	 0.
0.00257	 0.	 0.	 0.	1.10587	 0.	 0.
0.00258	 0.	 0.	 0.	1.0997	 0.	 0.
0.00259	 0.	 0.	 0.	1.09357	 0.	 0.
0.0026	 0.	 0.	 0.	1.08747	 0.	 0.
0.00261	 0.	 0.	 0.	1.08141	 0.	 0.
0.00262	 0.	 0.	 0.	1.07538	 0.	 0.
0.00263	 0.	 0.	 0.	1.06939	 0.	 0.
0.00264	 0.	 0.	 0.	1.06343	 0.	 0.
0.00265	 0.	 0.	 0.	1.0575	 0.	 0.
0.00266	 0.	 0.	 0.	1.0516	 0.	 0.
0.00267	 0.	 0.	 0.	1.04574	 0.	 0.
0.00268	 0.	 0.	 0.	1.03991	 0.	 0.
0.00269	 0.	 0.	 0.	1.03411	 0.	 0.
0.0027	 0.	 0.	 0.	1.02835	 0.	 0.
0.00271	 0.	 0.	 0.	1.02261	 0.	 0.
0.00272	 0.	 0.	 0.	1.01691	 0.	 0.
0.00273	 0.	 0.	 0.	1.01124	 0.	 0.
0.00274	 0.	 0.	 0.	1.00561	 0.	 0.
0.00275	 0.	 0.	 0.	1.	 0.	 0.
0.00276	 0.	 0.	 0.	0.994718	 0.	 0.
0.00277	 0.	 0.	 0.	0.989465	 0.	 0.
0.00278	 0.	 0.	 0.	0.984239	 0.	 0.
0.00279	 0.	 0.	 0.	0.97904	 0.	 0.
0.0028	 0.	 0.	 0.	0.97387	 0.	 0.
0.00281	 0.	 0.	 0.	0.968726	 0.	 0.
0.00282	 0.	 0.	 0.	0.96361	 0.	 0.
0.00283	 0.	 0.	 0.	0.95852	 0.	 0.
0.00284	 0.	 0.	 0.	0.953458	 0.	 0.
0.00285	 0.	 0.	 0.	0.948422	 0.	 0.
0.00286	 0.	 0.	 0.	0.943413	 0.	 0.
0.00287	 0.	 0.	 0.	0.93843	 0.	 0.
0.00288	 0.	 0.	 0.	0.933474	 0.	 0.
0.00289	 0.	 0.	 0.	0.928544	 0.	 0.
0.0029	 0.	 0.	 0.	0.923639	 0.	 0.
0.00291	 0.	 0.	 0.	0.918761	 0.	 0.
0.00292	 0.	 0.	 0.	0.913909	 0.	 0.
0.00293	 0.	 0.	 0.	0.909082	 0.	 0.
0.00294	 0.	 0.	 0.	0.90428	 0.	 0.
0.00295	 0.	 0.	 0.	0.899504	 0.	 0.
0.00296	 0.	 0.	 0.	0.894754	 0.	 0.
0.00297	 0.	 0.	 0.	0.890028	 0.	 0.
0.00298	 0.	 0.	 0.	0.885327	 0.	 0.
0.00299	 0.	 0.	 0.	0.880651	 0.	 0.
0.003	 0.	 0.	 0.	0.876	 0.	 0.
0.00301	 0.	 0.	 0.	0.870991	 0.	 0.
0.00302	 0.	 0.	 0.	0.86601	 0.	 0.
0.00303	 0.	 0.	 0.	0.861058	 0.	 0.
0.00304	 0.	 0.	 0.	0.856135	 0.	 0.
0.00305	 0.	 0.	 0.	0.851239	 0.	 0.
0.00306	 0.	 0.	 0.	0.846372	 0.	 0.
0.00307	 0.	 0.	 0.	0.841532	 0.	 0.
0.00308	 0.	 0.	 0.	0.83672	 0.	 0.
0.00309	 0.	 0.	 0.	0.831936	 0.	 0.
0.0031	 0.	 0.	 0.	0.827178	 0.	 0.
0.00311	 0.	 0.	 0.	0.822448	 0.	 0.
0.00312	 0.	 0.	 0.	0.817746	 0.	 0.
0.00313	 0.	 0.	 0.	0.81307	 0.	 0.
0.00314	 0.	 0.	 0.	0.80842	 0.	 0.
0.00315	 0.	 0.	 0.	0.803798	 0.	 0.
0.00316	 0.	 0.	 0.	0.799201	 0.	 0.
0.00317	 0.	 0.	 0.	0.794631	 0.	 0.
0.00318	 0.	 0.	 0.	0.790088	 0.	 0.
0.00319	 0.	 0.	 0.	0.78557	 0.	 0.
0.0032	 0.	 0.	 0.	0.781078	 0.	 0.
0.00321	 0.	 0.	 0.	0.776611	 0.	 0.
0.00322	 0.	 0.	 0.	0.772171	 0.	 0.
0.00323	 0.	 0.	 0.	0.767755	 0.	 0.
0.00324	 0.	 0.	 0.	0.763365	 0.	 0.
0.00325	 0.	 0.	 0.	0.759	 0.	 0.
0.00326	 0.	 0.	 0.	0.753934	 0.	 0.
0.00327	 0.	 0.	 0.	0.748902	 0.	 0.
0.00328	 0.	 0.	 0.	0.743904	 0.	 0.
0.00329	 0.	 0.	 0.	0.738939	 0.	 0.
0.0033	 0.	 0.	 0.	0.734007	 0.	 0.
0.00331	 0.	 0.	 0.	0.729108	 0.	 0.
0.00332	 0.	 0.	 0.	0.724242	 0.	 0.
0.00333	 0.	 0.	 0.	0.719409	 0.	 0.
0.00334	 0.	 0.	 0.	0.714607	 0.	 0.
0.00335	 0.	 0.	 0.	0.709838	 0.	 0.
0.00336	 0.	 0.	 0.	0.7051	 0.	 0.
0.00337	 0.	 0.	 0.	0.700394	 0.	 0.
0.00338	 0.	 0.	 0.	0.69572	 0.	 0.
0.00339	 0.	 0.	 0.	0.691076	 0.	 0.
0.0034	 0.	 0.	 0.	0.686464	 0.	 0.
0.00341	 0.	 0.	 0.	0.681882	 0.	 0.
0.00342	 0.	 0.	 0.	0.677331	 0.	 0.
0.00343	 0.	 0.	 0.	0.672811	 0.	 0.
0.00344	 0.	 0.	 0.	0.66832	 0.	 0.
0.00345	 0.	 0.	 0.	0.66386	 0.	 0.
0.00346	 0.	 0.	 0.	0.659429	 0.	 0.
0.00347	 0.	 0.	 0.	0.655028	 0.	 0.
0.00348	 0.	 0.	 0.	0.650656	 0.	 0.
0.00349	 0.	 0.	 0.	0.646314	 0.	 0.
0.0035	 0.	 0.	 0.	0.642	 0.	 0.
0.00351	 0.	 0.	 0.	0.637525	 0.	 0.
0.00352	 0.	 0.	 0.	0.633081	 0.	 0.
0.00353	 0.	 0.	 0.	0.628668	 0.	 0.
0.00354	 0.	 0.	 0.	0.624286	 0.	 0.
0.00355	 0.	 0.	 0.	0.619934	 0.	 0.
0.00356	 0.	 0.	 0.	0.615613	 0.	 0.
0.00357	 0.	 0.	 0.	0.611322	 0.	 0.
0.00358	 0.	 0.	 0.	0.607061	 0.	 0.
0.00359	 0.	 0.	 0.	0.602829	 0.	 0.
0.0036	 0.	 0.	 0.	0.598627	 0.	 0.
0.00361	 0.	 0.	 0.	0.594455	 0.	 0.
0.00362	 0.	 0.	 0.	0.590311	 0.	 0.
0.00363	 0.	 0.	 0.	0.586196	 0.	 0.
0.00364	 0.	 0.	 0.	0.58211	 0.	 0.
0.00365	 0.	 0.	 0.	0.578052	 0.	 0.
0.00366	 0.	 0.	 0.	0.574023	 0.	 0.
0.00367	 0.	 0.	 0.	0.570022	 0.	 0.
0.00368	 0.	 0.	 0.	0.566049	 0.	 0.
0.00369	 0.	 0.	 0.	0.562103	 0.	 0.
0.0037	 0.	 0.	 0.	0.558185	 0.	 0.
0.00371	 0.	 0.	 0.	0.554294	 0.	 0.
0.00372	 0.	 0.	 0.	0.55043	 0.	 0.
0.00373	 0.	 0.	 0.	0.546594	 0.	 0.
0.00374	 0.	 0.	 0.	0.542783	 0.	 0.
0.00375	 0.	 0.	 0.	0.539	 0.	 0.
0.00376	 0.	 0.	 0.	0.535171	 0.	 0.
0.00377	 0.	 0.	 0.	0.531368	 0.	 0.
0.00378	 0.	 0.	 0.	0.527593	 0.	 0.
0.00379	 0.	 0.	 0.	0.523845	 0.	 0.
0.0038	 0.	 0.	 0.	0.520123	 0.	 0.
0.00381	 0.	 0.	 0.	0.516428	 0.	 0.
0.00382	 0.	 0.	 0.	0.512759	 0.	 0.
0.00383	 0.	 0.	 0.	0.509116	 0.	 0.
0.00384	 0.	 0.	 0.	0.505499	 0.	 0.
0.00385	 0.	 0.	 0.	0.501908	 0.	 0.
0.00386	 0.	 0.	 0.	0.498342	 0.	 0.
0.00387	 0.	 0.	 0.	0.494801	 0.	 0.
0.00388	 0.	 0.	 0.	0.491286	 0.	 0.
0.00389	 0.	 0.	 0.	0.487796	 0.	 0.
0.0039	 0.	 0.	 0.	0.48433	 0.	 0.
0.00391	 0.	 0.	 0.	0.480889	 0.	 0.
0.00392	 0.	 0.	 0.	0.477473	 0.	 0.
0.00393	 0.	 0.	 0.	0.47408	 0.	 0.
0.00394	 0.	 0.	 0.	0.470712	 0.	 0.
0.00395	 0.	 0.	 0.	0.467368	 0.	 0.
0.00396	 0.	 0.	 0.	0.464048	 0.	 0.
0.00397	 0.	 0.	 0.	0.460751	 0.	 0.
0.00398	 0.	 0.	 0.	0.457477	 0.	 0.
0.00399	 0.	 0.	 0.	0.454227	 0.	 0.
0.004	 0.	 0.	 0.	0.451	 0.	 0.
0.00401	 0.	 0.	 0.	0.447297	 0.	 0.
0.00402	 0.	 0.	 0.	0.443625	 0.	 0.
0.00403	 0.	 0.	 0.	0.439982	 0.	 0.
0.00404	 0.	 0.	 0.	0.43637	 0.	 0.
0.00405	 0.	 0.	 0.	0.432787	 0.	 0.
0.00406	 0.	 0.	 0.	0.429234	 0.	 0.
0.00407	 0.	 0.	 0.	0.42571	 0.	 0.
0.00408	 0.	 0.	 0.	0.422215	 0.	 0.
0.00409	 0.	 0.	 0.	0.418748	 0.	 0.
0.0041	 0.	 0.	 0.	0.41531	 0.	 0.
0.00411	 0.	 0.	 0.	0.4119	 0.	 0.
0.00412	 0.	 0.	 0.	0.408518	 0.	 0.
0.00413	 0.	 0.	 0.	0.405164	 0.	 0.
0.00414	 0.	 0.	 0.	0.401838	 0.	 0.
0.00415	 0.	 0.	 0.	0.398538	 0.	 0.
0.00416	 0.	 0.	 0.	0.395266	 0.	 0.
0.00417	 0.	 0.	 0.	0.392021	 0.	 0.
0.00418	 0.	 0.	 0.	0.388802	 0.	 0.
0.00419	 0.	 0.	 0.	0.38561	 0.	 0.
0.0042	 0.	 0.	 0.	0.382444	 0.	 0.
0.00421	 0.	 0.	 0.	0.379304	 0.	 0.
0.00422	 0.	 0.	 0.	0.37619	 0.	 0.
0.00423	 0.	 0.	 0.	0.373101	 0.	 0.
0.00424	 0.	 0.	 0.	0.370038	 0.	 0.
0.00425	 0.	 0.	 0.	0.367	 0.	 0.
0.00426	 0.	 0.	 0.	0.363709	 0.	 0.
0.00427	 0.	 0.	 0.	0.360448	 0.	 0.
0.00428	 0.	 0.	 0.	0.357215	 0.	 0.
0.00429	 0.	 0.	 0.	0.354012	 0.	 0.
0.0043	 0.	 0.	 0.	0.350838	 0.	 0.
0.00431	 0.	 0.	 0.	0.347692	 0.	 0.
0.00432	 0.	 0.	 0.	0.344574	 0.	 0.
0.00433	 0.	 0.	 0.	0.341484	 0.	 0.
0.00434	 0.	 0.	 0.	0.338422	 0.	 0.
0.00435	 0.	 0.	 0.	0.335387	 0.	 0.
0.00436	 0.	 0.	 0.	0.33238	 0.	 0.
0.00437	 0.	 0.	 0.	0.329399	 0.	 0.
0.00438	 0.	 0.	 0.	0.326446	 0.	 0.
0.00439	 0.	 0.	 0.	0.323518	 0.	 0.
0.0044	 0.	 0.	 0.	0.320617	 0.	 0.
0.00441	 0.	 0.	 0.	0.317742	 0.	 0.
0.00442	 0.	 0.	 0.	0.314893	 0.	 0.
0.00443	 0.	 0.	 0.	0.312069	 0.	 0.
0.00444	 0.	 0.	 0.	0.309271	 0.	 0.
0.00445	 0.	 0.	 0.	0.306498	 0.	 0.
0.00446	 0.	 0.	 0.	0.303749	 0.	 0.
0.00447	 0.	 0.	 0.	0.301026	 0.	 0.
0.00448	 0.	 0.	 0.	0.298326	 0.	 0.
0.00449	 0.	 0.	 0.	0.295651	 0.	 0.
0.0045	 0.	 0.	 0.	0.293	 0.	 0.
0.00451	 0.	 0.	 0.	0.290277	 0.	 0.
0.00452	 0.	 0.	 0.	0.287579	 0.	 0.
0.00453	 0.	 0.	 0.	0.284906	 0.	 0.
0.00454	 0.	 0.	 0.	0.282258	 0.	 0.
0.00455	 0.	 0.	 0.	0.279635	 0.	 0.
0.00456	 0.	 0.	 0.	0.277036	 0.	 0.
0.00457	 0.	 0.	 0.	0.274461	 0.	 0.
0.00458	 0.	 0.	 0.	0.271911	 0.	 0.
0.00459	 0.	 0.	 0.	0.269383	 0.	 0.
0.0046	 0.	 0.	 0.	0.26688	 0.	 0.
0.00461	 0.	 0.	 0.	0.264399	 0.	 0.
0.00462	 0.	 0.	 0.	0.261942	 0.	 0.
0.00463	 0.	 0.	 0.	0.259508	 0.	 0.
0.00464	 0.	 0.	 0.	0.257096	 0.	 0.
0.00465	 0.	 0.	 0.	0.254706	 0.	 0.
0.00466	 0.	 0.	 0.	0.252339	 0.	 0.
0.00467	 0.	 0.	 0.	0.249994	 0.	 0.
0.00468	 0.	 0.	 0.	0.247671	 0.	 0.
0.00469	 0.	 0.	 0.	0.245369	 0.	 0.
0.0047	 0.	 0.	 0.	0.243088	 0.	 0.
0.00471	 0.	 0.	 0.	0.240829	 0.	 0.
0.00472	 0.	 0.	 0.	0.238591	 0.	 0.
0.00473	 0.	 0.	 0.	0.236373	 0.	 0.
0.00474	 0.	 0.	 0.	0.234176	 0.	 0.
0.00475	 0.	 0.	 0.	0.232	 0.	 0.
0.00476	 0.	 0.	 0.	0.229809	 0.	 0.
0.00477	 0.	 0.	 0.	0.227638	 0.	 0.
0.00478	 0.	 0.	 0.	0.225488	 0.	 0.
0.00479	 0.	 0.	 0.	0.223358	 0.	 0.
0.0048	 0.	 0.	 0.	0.221249	 0.	 0.
0.00481	 0.	 0.	 0.	0.219159	 0.	 0.
0.00482	 0.	 0.	 0.	0.217089	 0.	 0.
0.00483	 0.	 0.	 0.	0.215038	 0.	 0.
0.00484	 0.	 0.	 0.	0.213007	 0.	 0.
0.00485	 0.	 0.	 0.	0.210996	 0.	 0.
0.00486	 0.	 0.	 0.	0.209003	 0.	 0.
0.00487	 0.	 0.	 0.	0.207029	 0.	 0.
0.00488	 0.	 0.	 0.	0.205073	 0.	 0.
0.00489	 0.	 0.	 0.	0.203136	 0.	 0.
0.0049	 0.	 0.	 0.	0.201218	 0.	 0.
0.00491	 0.	 0.	 0.	0.199317	 0.	 0.
0.00492	 0.	 0.	 0.	0.197434	 0.	 0.
0.00493	 0.	 0.	 0.	0.19557	 0.	 0.
0.00494	 0.	 0.	 0.	0.193722	 0.	 0.
0.00495	 0.	 0.	 0.	0.191893	 0.	 0.
0.00496	 0.	 0.	 0.	0.19008	 0.	 0.
0.00497	 0.	 0.	 0.	0.188285	 0.	 0.
0.00498	 0.	 0.	 0.	0.186507	 0.	 0.
0.00499	 0.	 0.	 0.	0.184745	 0.	 0.
0.005	 0.	 0.	 0.	0.183	 0.	 0.
0.00501	 0.	 0.	 0.	0.181203	 0.	 0.
0.00502	 0.	 0.	 0.	0.179425	 0.	 0.
0.00503	 0.	 0.	 0.	0.177663	 0.	 0.
0.00504	 0.	 0.	 0.	0.175919	 0.	 0.
0.00505	 0.	 0.	 0.	0.174192	 0.	 0.
0.00506	 0.	 0.	 0.	0.172482	 0.	 0.
0.00507	 0.	 0.	 0.	0.170789	 0.	 0.
0.00508	 0.	 0.	 0.	0.169112	 0.	 0.
0.00509	 0.	 0.	 0.	0.167452	 0.	 0.
0.0051	 0.	 0.	 0.	0.165808	 0.	 0.
0.00511	 0.	 0.	 0.	0.16418	 0.	 0.
0.00512	 0.	 0.	 0.	0.162568	 0.	 0.
0.00513	 0.	 0.	 0.	0.160972	 0.	 0.
0.00514	 0.	 0.	 0.	0.159392	 0.	 0.
0.00515	 0.	 0.	 0.	0.157827	 0.	 0.
0.00516	 0.	 0.	 0.	0.156278	 0.	 0.
0.00517	 0.	 0.	 0.	0.154744	 0.	 0.
0.00518	 0.	 0.	 0.	0.153225	 0.	 0.
0.00519	 0.	 0.	 0.	0.15172	 0.	 0.
0.0052	 0.	 0.	 0.	0.150231	 0.	 0.
0.00521	 0.	 0.	 0.	0.148756	 0.	 0.
0.00522	 0.	 0.	 0.	0.147296	 0.	 0.
0.00523	 0.	 0.	 0.	0.14585	 0.	 0.
0.00524	 0.	 0.	 0.	0.144418	 0.	 0.
0.00525	 0.	 0.	 0.	0.143	 0.	 0.
0.00526	 0.	 0.	 0.	0.141507	 0.	 0.
0.00527	 0.	 0.	 0.	0.14003	 0.	 0.
0.00528	 0.	 0.	 0.	0.138568	 0.	 0.
0.00529	 0.	 0.	 0.	0.137121	 0.	 0.
0.0053	 0.	 0.	 0.	0.13569	 0.	 0.
0.00531	 0.	 0.	 0.	0.134273	 0.	 0.
0.00532	 0.	 0.	 0.	0.132872	 0.	 0.
0.00533	 0.	 0.	 0.	0.131484	 0.	 0.
0.00534	 0.	 0.	 0.	0.130112	 0.	 0.
0.00535	 0.	 0.	 0.	0.128753	 0.	 0.
0.00536	 0.	 0.	 0.	0.127409	 0.	 0.
0.00537	 0.	 0.	 0.	0.126079	 0.	 0.
0.00538	 0.	 0.	 0.	0.124763	 0.	 0.
0.00539	 0.	 0.	 0.	0.12346	 0.	 0.
0.0054	 0.	 0.	 0.	0.122172	 0.	 0.
0.00541	 0.	 0.	 0.	0.120896	 0.	 0.
0.00542	 0.	 0.	 0.	0.119634	 0.	 0.
0.00543	 0.	 0.	 0.	0.118385	 0.	 0.
0.00544	 0.	 0.	 0.	0.117149	 0.	 0.
0.00545	 0.	 0.	 0.	0.115926	 0.	 0.
0.00546	 0.	 0.	 0.	0.114716	 0.	 0.
0.00547	 0.	 0.	 0.	0.113518	 0.	 0.
0.00548	 0.	 0.	 0.	0.112333	 0.	 0.
0.00549	 0.	 0.	 0.	0.11116	 0.	 0.
0.0055	 0.	 0.	 0.	0.11	 0.	 0.
0.00551	 0.	 0.	 0.	0.108794	 0.	 0.
0.00552	 0.	 0.	 0.	0.107601	 0.	 0.
0.00553	 0.	 0.	 0.	0.106421	 0.	 0.
0.00554	 0.	 0.	 0.	0.105254	 0.	 0.
0.00555	 0.	 0.	 0.	0.1041	 0.	 0.
0.00556	 0.	 0.	 0.	0.102959	 0.	 0.
0.00557	 0.	 0.	 0.	0.10183	 0.	 0.
0.00558	 0.	 0.	 0.	0.100713	 0.	 0.
0.00559	 0.	 0.	 0.	0.099609	 0.	 0.
0.0056	 0.	 0.	 0.	0.0985168	 0.	 0.
0.00561	 0.	 0.	 0.	0.0974366	 0.	 0.
0.00562	 0.	 0.	 0.	0.0963682	 0.	 0.
0.00563	 0.	 0.	 0.	0.0953115	 0.	 0.
0.00564	 0.	 0.	 0.	0.0942665	 0.	 0.
0.00565	 0.	 0.	 0.	0.0932328	 0.	 0.
0.00566	 0.	 0.	 0.	0.0922106	 0.	 0.
0.00567	 0.	 0.	 0.	0.0911995	 0.	 0.
0.00568	 0.	 0.	 0.	0.0901995	 0.	 0.
0.00569	 0.	 0.	 0.	0.0892105	 0.	 0.
0.0057	 0.	 0.	 0.	0.0882323	 0.	 0.
0.00571	 0.	 0.	 0.	0.0872649	 0.	 0.
0.00572	 0.	 0.	 0.	0.086308	 0.	 0.
0.00573	 0.	 0.	 0.	0.0853617	 0.	 0.
0.00574	 0.	 0.	 0.	0.0844257	 0.	 0.
0.00575	 0.	 0.	 0.	0.0835	 0.	 0.
0.00576	 0.	 0.	 0.	0.0825169	 0.	 0.
0.00577	 0.	 0.	 0.	0.0815453	 0.	 0.
0.00578	 0.	 0.	 0.	0.0805852	 0.	 0.
0.00579	 0.	 0.	 0.	0.0796363	 0.	 0.
0.0058	 0.	 0.	 0.	0.0786987	 0.	 0.
0.00581	 0.	 0.	 0.	0.0777721	 0.	 0.
0.00582	 0.	 0.	 0.	0.0768564	 0.	 0.
0.00583	 0.	 0.	 0.	0.0759515	 0.	 0.
0.00584	 0.	 0.	 0.	0.0750572	 0.	 0.
0.00585	 0.	 0.	 0.	0.0741735	 0.	 0.
0.00586	 0.	 0.	 0.	0.0733001	 0.	 0.
0.00587	 0.	 0.	 0.	0.0724371	 0.	 0.
0.00588	 0.	 0.	 0.	0.0715842	 0.	 0.
0.00589	 0.	 0.	 0.	0.0707414	 0.	 0.
0.0059	 0.	 0.	 0.	0.0699084	 0.	 0.
0.00591	 0.	 0.	 0.	0.0690853	 0.	 0.
0.00592	 0.	 0.	 0.	0.0682719	 0.	 0.
0.00593	 0.	 0.	 0.	0.0674681	 0.	 0.
0.00594	 0.	 0.	 0.	0.0666737	 0.	 0.
0.00595	 0.	 0.	 0.	0.0658886	 0.	 0.
0.00596	 0.	 0.	 0.	0.0651129	 0.	 0.
0.00597	 0.	 0.	 0.	0.0643462	 0.	 0.
0.00598	 0.	 0.	 0.	0.0635886	 0.	 0.
0.00599	 0.	 0.	 0.	0.0628399	 0.	 0.
0.006	 0.	 0.	 0.	0.0621	 0.	 0.
0.00601	 0.	 0.	 0.	0.0614118	 0.	 0.
0.00602	 0.	 0.	 0.	0.0607312	 0.	 0.
0.00603	 0.	 0.	 0.	0.0600582	 0.	 0.
0.00604	 0.	 0.	 0.	0.0593926	 0.	 0.
0.00605	 0.	 0.	 0.	0.0587344	 0.	 0.
0.00606	 0.	 0.	 0.	0.0580835	 0.	 0.
0.00607	 0.	 0.	 0.	0.0574399	 0.	 0.
0.00608	 0.	 0.	 0.	0.0568033	 0.	 0.
0.00609	 0.	 0.	 0.	0.0561738	 0.	 0.
0.0061	 0.	 0.	 0.	0.0555513	 0.	 0.
0.00611	 0.	 0.	 0.	0.0549357	 0.	 0.
0.00612	 0.	 0.	 0.	0.0543269	 0.	 0.
0.00613	 0.	 0.	 0.	0.0537248	 0.	 0.
0.00614	 0.	 0.	 0.	0.0531294	 0.	 0.
0.00615	 0.	 0.	 0.	0.0525406	 0.	 0.
0.00616	 0.	 0.	 0.	0.0519584	 0.	 0.
0.00617	 0.	 0.	 0.	0.0513826	 0.	 0.
0.00618	 0.	 0.	 0.	0.0508131	 0.	 0.
0.00619	 0.	 0.	 0.	0.05025	 0.	 0.
0.0062	 0.	 0.	 0.	0.0496932	 0.	 0.
0.00621	 0.	 0.	 0.	0.0491425	 0.	 0.
0.00622	 0.	 0.	 0.	0.0485979	 0.	 0.
0.00623	 0.	 0.	 0.	0.0480593	 0.	 0.
0.00624	 0.	 0.	 0.	0.0475267	 0.	 0.
0.00625	 0.	 0.	 0.	0.047	 0.	 0.
0.00626	 0.	 0.	 0.	0.046491	 0.	 0.
0.00627	 0.	 0.	 0.	0.0459876	 0.	 0.
0.00628	 0.	 0.	 0.	0.0454896	 0.	 0.
0.00629	 0.	 0.	 0.	0.044997	 0.	 0.
0.0063	 0.	 0.	 0.	0.0445097	 0.	 0.
0.00631	 0.	 0.	 0.	0.0440277	 0.	 0.
0.00632	 0.	 0.	 0.	0.043551	 0.	 0.
0.00633	 0.	 0.	 0.	0.0430793	 0.	 0.
0.00634	 0.	 0.	 0.	0.0426128	 0.	 0.
0.00635	 0.	 0.	 0.	0.0421514	 0.	 0.
0.00636	 0.	 0.	 0.	0.0416949	 0.	 0.
0.00637	 0.	 0.	 0.	0.0412434	 0.	 0.
0.00638	 0.	 0.	 0.	0.0407968	 0.	 0.
0.00639	 0.	 0.	 0.	0.040355	 0.	 0.
0.0064	 0.	 0.	 0.	0.039918	 0.	 0.
0.00641	 0.	 0.	 0.	0.0394857	 0.	 0.
0.00642	 0.	 0.	 0.	0.0390582	 0.	 0.
0.00643	 0.	 0.	 0.	0.0386352	 0.	 0.
0.00644	 0.	 0.	 0.	0.0382168	 0.	 0.
0.00645	 0.	 0.	 0.	0.037803	 0.	 0.
0.00646	 0.	 0.	 0.	0.0373936	 0.	 0.
0.00647	 0.	 0.	 0.	0.0369887	 0.	 0.
0.00648	 0.	 0.	 0.	0.0365881	 0.	 0.
0.00649	 0.	 0.	 0.	0.0361919	 0.	 0.
0.0065	 0.	 0.	 0.	0.0358	 0.	 0.
0.00651	 0.	 0.	 0.	0.0354035	 0.	 0.
0.00652	 0.	 0.	 0.	0.0350114	 0.	 0.
0.00653	 0.	 0.	 0.	0.0346237	 0.	 0.
0.00654	 0.	 0.	 0.	0.0342402	 0.	 0.
0.00655	 0.	 0.	 0.	0.033861	 0.	 0.
0.00656	 0.	 0.	 0.	0.033486	 0.	 0.
0.00657	 0.	 0.	 0.	0.0331152	 0.	 0.
0.00658	 0.	 0.	 0.	0.0327484	 0.	 0.
0.00659	 0.	 0.	 0.	0.0323858	 0.	 0.
0.0066	 0.	 0.	 0.	0.0320271	 0.	 0.
0.00661	 0.	 0.	 0.	0.0316724	 0.	 0.
0.00662	 0.	 0.	 0.	0.0313216	 0.	 0.
0.00663	 0.	 0.	 0.	0.0309748	 0.	 0.
0.00664	 0.	 0.	 0.	0.0306317	 0.	 0.
0.00665	 0.	 0.	 0.	0.0302925	 0.	 0.
0.00666	 0.	 0.	 0.	0.029957	 0.	 0.
0.00667	 0.	 0.	 0.	0.0296252	 0.	 0.
0.00668	 0.	 0.	 0.	0.0292971	 0.	 0.
0.00669	 0.	 0.	 0.	0.0289727	 0.	 0.
0.0067	 0.	 0.	 0.	0.0286518	 0.	 0.
0.00671	 0.	 0.	 0.	0.0283345	 0.	 0.
0.00672	 0.	 0.	 0.	0.0280207	 0.	 0.
0.00673	 0.	 0.	 0.	0.0277104	 0.	 0.
0.00674	 0.	 0.	 0.	0.0274035	 0.	 0.
0.00675	 0.	 0.	 0.	0.0271	 0.	 0.
0.00676	 0.	 0.	 0.	0.0267456	 0.	 0.
0.00677	 0.	 0.	 0.	0.0263958	 0.	 0.
0.00678	 0.	 0.	 0.	0.0260506	 0.	 0.
0.00679	 0.	 0.	 0.	0.0257099	 0.	 0.
0.0068	 0.	 0.	 0.	0.0253736	 0.	 0.
0.00681	 0.	 0.	 0.	0.0250418	 0.	 0.
0.00682	 0.	 0.	 0.	0.0247143	 0.	 0.
0.00683	 0.	 0.	 0.	0.024391	 0.	 0.
0.00684	 0.	 0.	 0.	0.024072	 0.	 0.
0.00685	 0.	 0.	 0.	0.0237572	 0.	 0.
0.00686	 0.	 0.	 0.	0.0234465	 0.	 0.
0.00687	 0.	 0.	 0.	0.0231399	 0.	 0.
0.00688	 0.	 0.	 0.	0.0228372	 0.	 0.
0.00689	 0.	 0.	 0.	0.0225385	 0.	 0.
0.0069	 0.	 0.	 0.	0.0222438	 0.	 0.
0.00691	 0.	 0.	 0.	0.0219529	 0.	 0.
0.00692	 0.	 0.	 0.	0.0216657	 0.	 0.
0.00693	 0.	 0.	 0.	0.0213824	 0.	 0.
0.00694	 0.	 0.	 0.	0.0211027	 0.	 0.
0.00695	 0.	 0.	 0.	0.0208268	 0.	 0.
0.00696	 0.	 0.	 0.	0.0205544	 0.	 0.
0.00697	 0.	 0.	 0.	0.0202855	 0.	 0.
0.00698	 0.	 0.	 0.	0.0200202	 0.	 0.
0.00699	 0.	 0.	 0.	0.0197584	 0.	 0.
0.007	 0.	 0.	 0.	0.0195	 0.	 0.
0.00701	 0.	 0.	 0.	0.0192038	 0.	 0.
0.00702	 0.	 0.	 0.	0.0189121	 0.	 0.
0.00703	 0.	 0.	 0.	0.0186248	 0.	 0.
0.00704	 0.	 0.	 0.	0.0183419	 0.	 0.
0.00705	 0.	 0.	 0.	0.0180633	 0.	 0.
0.00706	 0.	 0.	 0.	0.017789	 0.	 0.
0.00707	 0.	 0.	 0.	0.0175188	 0.	 0.
0.00708	 0.	 0.	 0.	0.0172527	 0.	 0.
0.00709	 0.	 0.	 0.	0.0169906	 0.	 0.
0.0071	 0.	 0.	 0.	0.0167325	 0.	 0.
0.00711	 0.	 0.	 0.	0.0164784	 0.	 0.
0.00712	 0.	 0.	 0.	0.0162281	 0.	 0.
0.00713	 0.	 0.	 0.	0.0159816	 0.	 0.
0.00714	 0.	 0.	 0.	0.0157388	 0.	 0.
0.00715	 0.	 0.	 0.	0.0154998	 0.	 0.
0.00716	 0.	 0.	 0.	0.0152643	 0.	 0.
0.00717	 0.	 0.	 0.	0.0150325	 0.	 0.
0.00718	 0.	 0.	 0.	0.0148041	 0.	 0.
0.00719	 0.	 0.	 0.	0.0145793	 0.	 0.
0.0072	 0.	 0.	 0.	0.0143578	 0.	 0.
0.00721	 0.	 0.	 0.	0.0141397	 0.	 0.
0.00722	 0.	 0.	 0.	0.0139249	 0.	 0.
0.00723	 0.	 0.	 0.	0.0137134	 0.	 0.
0.00724	 0.	 0.	 0.	0.0135051	 0.	 0.
0.00725	 0.	 0.	 0.	0.0133	 0.	 0.
0.00726	 0.	 0.	 0.	0.0130731	 0.	 0.
0.00727	 0.	 0.	 0.	0.01285	 0.	 0.
0.00728	 0.	 0.	 0.	0.0126308	 0.	 0.
0.00729	 0.	 0.	 0.	0.0124153	 0.	 0.
0.0073	 0.	 0.	 0.	0.0122035	 0.	 0.
0.00731	 0.	 0.	 0.	0.0119953	 0.	 0.
0.00732	 0.	 0.	 0.	0.0117906	 0.	 0.
0.00733	 0.	 0.	 0.	0.0115895	 0.	 0.
0.00734	 0.	 0.	 0.	0.0113918	 0.	 0.
0.00735	 0.	 0.	 0.	0.0111974	 0.	 0.
0.00736	 0.	 0.	 0.	0.0110064	 0.	 0.
0.00737	 0.	 0.	 0.	0.0108186	 0.	 0.
0.00738	 0.	 0.	 0.	0.010634	 0.	 0.
0.00739	 0.	 0.	 0.	0.0104526	 0.	 0.
0.0074	 0.	 0.	 0.	0.0102743	 0.	 0.
0.00741	 0.	 0.	 0.	0.010099	 0.	 0.
0.00742	 0.	 0.	 0.	0.00992667	 0.	 0.
0.00743	 0.	 0.	 0.	0.00975731	 0.	 0.
0.00744	 0.	 0.	 0.	0.00959084	 0.	 0.
0.00745	 0.	 0.	 0.	0.00942721	 0.	 0.
0.00746	 0.	 0.	 0.	0.00926637	 0.	 0.
0.00747	 0.	 0.	 0.	0.00910828	 0.	 0.
0.00748	 0.	 0.	 0.	0.00895288	 0.	 0.
0.00749	 0.	 0.	 0.	0.00880014	 0.	 0.
0.0075	 0.	 0.	 0.	0.00865	 0.	 0.
0.00751	 0.	 0.	 0.	0.00852492	 0.	 0.
0.00752	 0.	 0.	 0.	0.00840165	 0.	 0.
0.00753	 0.	 0.	 0.	0.00828017	 0.	 0.
0.00754	 0.	 0.	 0.	0.00816044	 0.	 0.
0.00755	 0.	 0.	 0.	0.00804244	 0.	 0.
0.00756	 0.	 0.	 0.	0.00792615	 0.	 0.
0.00757	 0.	 0.	 0.	0.00781154	 0.	 0.
0.00758	 0.	 0.	 0.	0.00769858	 0.	 0.
0.00759	 0.	 0.	 0.	0.00758726	 0.	 0.
0.0076	 0.	 0.	 0.	0.00747755	 0.	 0.
0.00761	 0.	 0.	 0.	0.00736943	 0.	 0.
0.00762	 0.	 0.	 0.	0.00726287	 0.	 0.
0.00763	 0.	 0.	 0.	0.00715785	 0.	 0.
0.00764	 0.	 0.	 0.	0.00705435	 0.	 0.
0.00765	 0.	 0.	 0.	0.00695234	 0.	 0.
0.00766	 0.	 0.	 0.	0.00685181	 0.	 0.
0.00767	 0.	 0.	 0.	0.00675274	 0.	 0.
0.00768	 0.	 0.	 0.	0.00665509	 0.	 0.
0.00769	 0.	 0.	 0.	0.00655886	 0.	 0.
0.0077	 0.	 0.	 0.	0.00646402	 0.	 0.
0.00771	 0.	 0.	 0.	0.00637055	 0.	 0.
0.00772	 0.	 0.	 0.	0.00627844	 0.	 0.
0.00773	 0.	 0.	 0.	0.00618765	 0.	 0.
0.00774	 0.	 0.	 0.	0.00609818	 0.	 0.
0.00775	 0.	 0.	 0.	0.00601	 0.	 0.
0.00776	 0.	 0.	 0.	0.00590327	 0.	 0.
0.00777	 0.	 0.	 0.	0.00579844	 0.	 0.
0.00778	 0.	 0.	 0.	0.00569547	 0.	 0.
0.00779	 0.	 0.	 0.	0.00559432	 0.	 0.
0.0078	 0.	 0.	 0.	0.00549498	 0.	 0.
0.00781	 0.	 0.	 0.	0.00539739	 0.	 0.
0.00782	 0.	 0.	 0.	0.00530154	 0.	 0.
0.00783	 0.	 0.	 0.	0.0052074	 0.	 0.
0.00784	 0.	 0.	 0.	0.00511492	 0.	 0.
0.00785	 0.	 0.	 0.	0.00502409	 0.	 0.
0.00786	 0.	 0.	 0.	0.00493487	 0.	 0.
0.00787	 0.	 0.	 0.	0.00484723	 0.	 0.
0.00788	 0.	 0.	 0.	0.00476115	 0.	 0.
0.00789	 0.	 0.	 0.	0.0046766	 0.	 0.
0.0079	 0.	 0.	 0.	0.00459355	 0.	 0.
0.00791	 0.	 0.	 0.	0.00451198	 0.	 0.
0.00792	 0.	 0.	 0.	0.00443185	 0.	 0.
0.00793	 0.	 0.	 0.	0.00435315	 0.	 0.
0.00794	 0.	 0.	 0.	0.00427584	 0.	 0.
0.00795	 0.	 0.	 0.	0.00419991	 0.	 0.
0.00796	 0.	 0.	 0.	0.00412532	 0.	 0.
0.00797	 0.	 0.	 0.	0.00405207	 0.	 0.
0.00798	 0.	 0.	 0.	0.00398011	 0.	 0.
0.00799	 0.	 0.	 0.	0.00390943	 0.	 0.
0.008	 0.	 0.	 0.	0.00384	 0.	 0.
0.00801	 0.	 0.	 0.	0.00377181	 0.	 0.
0.00802	 0.	 0.	 0.	0.00370483	 0.	 0.
0.00803	 0.	 0.	 0.	0.00363903	 0.	 0.
0.00804	 0.	 0.	 0.	0.00357441	 0.	 0.
0.00805	 0.	 0.	 0.	0.00351093	 0.	 0.
0.00806	 0.	 0.	 0.	0.00344858	 0.	 0.
0.00807	 0.	 0.	 0.	0.00338734	 0.	 0.
0.00808	 0.	 0.	 0.	0.00332719	 0.	 0.
0.00809	 0.	 0.	 0.	0.0032681	 0.	 0.
0.0081	 0.	 0.	 0.	0.00321007	 0.	 0.
0.00811	 0.	 0.	 0.	0.00315306	 0.	 0.
0.00812	 0.	 0.	 0.	0.00309707	 0.	 0.
0.00813	 0.	 0.	 0.	0.00304207	 0.	 0.
0.00814	 0.	 0.	 0.	0.00298804	 0.	 0.
0.00815	 0.	 0.	 0.	0.00293498	 0.	 0.
0.00816	 0.	 0.	 0.	0.00288286	 0.	 0.
0.00817	 0.	 0.	 0.	0.00283166	 0.	 0.
0.00818	 0.	 0.	 0.	0.00278138	 0.	 0.
0.00819	 0.	 0.	 0.	0.00273199	 0.	 0.
0.0082	 0.	 0.	 0.	0.00268347	 0.	 0.
0.00821	 0.	 0.	 0.	0.00263581	 0.	 0.
0.00822	 0.	 0.	 0.	0.00258901	 0.	 0.
0.00823	 0.	 0.	 0.	0.00254303	 0.	 0.
0.00824	 0.	 0.	 0.	0.00249787	 0.	 0.
0.00825	 0.	 0.	 0.	0.00245351	 0.	 0.
0.00826	 0.	 0.	 0.	0.00240994	 0.	 0.
0.00827	 0.	 0.	 0.	0.00236714	 0.	 0.
0.00828	 0.	 0.	 0.	0.00232511	 0.	 0.
0.00829	 0.	 0.	 0.	0.00228382	 0.	 0.
0.0083	 0.	 0.	 0.	0.00224326	 0.	 0.
0.00831	 0.	 0.	 0.	0.00220342	 0.	 0.
0.00832	 0.	 0.	 0.	0.00216429	 0.	 0.
0.00833	 0.	 0.	 0.	0.00212586	 0.	 0.
0.00834	 0.	 0.	 0.	0.00208811	 0.	 0.
0.00835	 0.	 0.	 0.	0.00205102	 0.	 0.
0.00836	 0.	 0.	 0.	0.0020146	 0.	 0.
0.00837	 0.	 0.	 0.	0.00197882	 0.	 0.
0.00838	 0.	 0.	 0.	0.00194368	 0.	 0.
0.00839	 0.	 0.	 0.	0.00190917	 0.	 0.
0.0084	 0.	 0.	 0.	0.00187526	 0.	 0.
0.00841	 0.	 0.	 0.	0.00184196	 0.	 0.
0.00842	 0.	 0.	 0.	0.00180925	 0.	 0.
0.00843	 0.	 0.	 0.	0.00177712	 0.	 0.
0.00844	 0.	 0.	 0.	0.00174556	 0.	 0.
0.00845	 0.	 0.	 0.	0.00171456	 0.	 0.
0.00846	 0.	 0.	 0.	0.00168411	 0.	 0.
0.00847	 0.	 0.	 0.	0.00165421	 0.	 0.
0.00848	 0.	 0.	 0.	0.00162483	 0.	 0.
0.00849	 0.	 0.	 0.	0.00159598	 0.	 0.
0.0085	 0.	 0.	 0.	0.00156763	 0.	 0.
0.00851	 0.	 0.	 0.	0.0015398	 0.	 0.
0.00852	 0.	 0.	 0.	0.00151245	 0.	 0.
0.00853	 0.	 0.	 0.	0.00148559	 0.	 0.
0.00854	 0.	 0.	 0.	0.00145921	 0.	 0.
0.00855	 0.	 0.	 0.	0.0014333	 0.	 0.
0.00856	 0.	 0.	 0.	0.00140784	 0.	 0.
0.00857	 0.	 0.	 0.	0.00138284	 0.	 0.
0.00858	 0.	 0.	 0.	0.00135828	 0.	 0.
0.00859	 0.	 0.	 0.	0.00133416	 0.	 0.
0.0086	 0.	 0.	 0.	0.00131047	 0.	 0.
0.00861	 0.	 0.	 0.	0.0012872	 0.	 0.
0.00862	 0.	 0.	 0.	0.00126434	 0.	 0.
0.00863	 0.	 0.	 0.	0.00124189	 0.	 0.
0.00864	 0.	 0.	 0.	0.00121983	 0.	 0.
0.00865	 0.	 0.	 0.	0.00119817	 0.	 0.
0.00866	 0.	 0.	 0.	0.00117689	 0.	 0.
0.00867	 0.	 0.	 0.	0.00115599	 0.	 0.
0.00868	 0.	 0.	 0.	0.00113546	 0.	 0.
0.00869	 0.	 0.	 0.	0.0011153	 0.	 0.
0.0087	 0.	 0.	 0.	0.00109549	 0.	 0.
0.00871	 0.	 0.	 0.	0.00107604	 0.	 0.
0.00872	 0.	 0.	 0.	0.00105693	 0.	 0.
0.00873	 0.	 0.	 0.	0.00103816	 0.	 0.
0.00874	 0.	 0.	 0.	0.00101973	 0.	 0.
0.00875	 0.	 0.	 0.	0.00100162	 0.	 0.
0.00876	 0.	 0.	 0.	0.000983829	 0.	 0.
0.00877	 0.	 0.	 0.	0.000966358	 0.	 0.
0.00878	 0.	 0.	 0.	0.000949197	 0.	 0.
0.00879	 0.	 0.	 0.	0.000932341	 0.	 0.
0.0088	 0.	 0.	 0.	0.000915784	 0.	 0.
0.00881	 0.	 0.	 0.	0.000899521	 0.	 0.
0.00882	 0.	 0.	 0.	0.000883546	 0.	 0.
0.00883	 0.	 0.	 0.	0.000867856	 0.	 0.
0.00884	 0.	 0.	 0.	0.000852444	 0.	 0.
0.00885	 0.	 0.	 0.	0.000837306	 0.	 0.
0.00886	 0.	 0.	 0.	0.000822437	 0.	 0.
0.00887	 0.	 0.	 0.	0.000807831	 0.	 0.
0.00888	 0.	 0.	 0.	0.000793485	 0.	 0.
0.00889	 0.	 0.	 0.	0.000779394	 0.	 0.
0.0089	 0.	 0.	 0.	0.000765553	 0.	 0.
0.00891	 0.	 0.	 0.	0.000751958	 0.	 0.
0.00892	 0.	 0.	 0.	0.000738605	 0.	 0.
0.00893	 0.	 0.	 0.	0.000725488	 0.	 0.
0.00894	 0.	 0.	 0.	0.000712605	 0.	 0.
0.00895	 0.	 0.	 0.	0.00069995	 0.	 0.
0.00896	 0.	 0.	 0.	0.00068752	 0.	 0.
0.00897	 0.	 0.	 0.	0.00067531	 0.	 0.
0.00898	 0.	 0.	 0.	0.000663318	 0.	 0.
0.00899	 0.	 0.	 0.	0.000651538	 0.	 0.
0.009	 0.	 0.	 0.	0.000639968	 0.	 0.
0.00901	 0.	 0.	 0.	0.000628603	 0.	 0.
0.00902	 0.	 0.	 0.	0.00061744	 0.	 0.
0.00903	 0.	 0.	 0.	0.000606475	 0.	 0.
0.00904	 0.	 0.	 0.	0.000595705	 0.	 0.
0.00905	 0.	 0.	 0.	0.000585126	 0.	 0.
0.00906	 0.	 0.	 0.	0.000574735	 0.	 0.
0.00907	 0.	 0.	 0.	0.000564529	 0.	 0.
0.00908	 0.	 0.	 0.	0.000554504	 0.	 0.
0.00909	 0.	 0.	 0.	0.000544656	 0.	 0.
0.0091	 0.	 0.	 0.	0.000534984	 0.	 0.
0.00911	 0.	 0.	 0.	0.000525484	 0.	 0.
0.00912	 0.	 0.	 0.	0.000516152	 0.	 0.
0.00913	 0.	 0.	 0.	0.000506986	 0.	 0.
0.00914	 0.	 0.	 0.	0.000497982	 0.	 0.
0.00915	 0.	 0.	 0.	0.000489139	 0.	 0.
0.00916	 0.	 0.	 0.	0.000480453	 0.	 0.
0.00917	 0.	 0.	 0.	0.00047192	 0.	 0.
0.00918	 0.	 0.	 0.	0.00046354	 0.	 0.
0.00919	 0.	 0.	 0.	0.000455308	 0.	 0.
0.0092	 0.	 0.	 0.	0.000447222	 0.	 0.
0.00921	 0.	 0.	 0.	0.00043928	 0.	 0.
0.00922	 0.	 0.	 0.	0.00043148	 0.	 0.
0.00923	 0.	 0.	 0.	0.000423817	 0.	 0.
0.00924	 0.	 0.	 0.	0.000416291	 0.	 0.
0.00925	 0.	 0.	 0.	0.000408898	 0.	 0.
0.00926	 0.	 0.	 0.	0.000401637	 0.	 0.
0.00927	 0.	 0.	 0.	0.000394504	 0.	 0.
0.00928	 0.	 0.	 0.	0.000387498	 0.	 0.
0.00929	 0.	 0.	 0.	0.000380617	 0.	 0.
0.0093	 0.	 0.	 0.	0.000373858	 0.	 0.
0.00931	 0.	 0.	 0.	0.000367219	 0.	 0.
0.00932	 0.	 0.	 0.	0.000360697	 0.	 0.
0.00933	 0.	 0.	 0.	0.000354292	 0.	 0.
0.00934	 0.	 0.	 0.	0.000348	 0.	 0.
0.00935	 0.	 0.	 0.	0.00034182	 0.	 0.
0.00936	 0.	 0.	 0.	0.00033575	 0.	 0.
0.00937	 0.	 0.	 0.	0.000329788	 0.	 0.
0.00938	 0.	 0.	 0.	0.000323931	 0.	 0.
0.00939	 0.	 0.	 0.	0.000318178	 0.	 0.
0.0094	 0.	 0.	 0.	0.000312528	 0.	 0.
0.00941	 0.	 0.	 0.	0.000306978	 0.	 0.
0.00942	 0.	 0.	 0.	0.000301527	 0.	 0.
0.00943	 0.	 0.	 0.	0.000296172	 0.	 0.
0.00944	 0.	 0.	 0.	0.000290912	 0.	 0.
0.00945	 0.	 0.	 0.	0.000285746	 0.	 0.
0.00946	 0.	 0.	 0.	0.000280672	 0.	 0.
0.00947	 0.	 0.	 0.	0.000275687	 0.	 0.
0.00948	 0.	 0.	 0.	0.000270792	 0.	 0.
0.00949	 0.	 0.	 0.	0.000265983	 0.	 0.
0.0095	 0.	 0.	 0.	0.000261259	 0.	 0.
0.00951	 0.	 0.	 0.	0.00025662	 0.	 0.
0.00952	 0.	 0.	 0.	0.000252063	 0.	 0.
0.00953	 0.	 0.	 0.	0.000247586	 0.	 0.
0.00954	 0.	 0.	 0.	0.000243189	 0.	 0.
0.00955	 0.	 0.	 0.	0.000238871	 0.	 0.
0.00956	 0.	 0.	 0.	0.000234629	 0.	 0.
0.00957	 0.	 0.	 0.	0.000230462	 0.	 0.
0.00958	 0.	 0.	 0.	0.000226369	 0.	 0.
0.00959	 0.	 0.	 0.	0.00022235	 0.	 0.
0.0096	 0.	 0.	 0.	0.000218401	 0.	 0.
0.00961	 0.	 0.	 0.	0.000214522	 0.	 0.
0.00962	 0.	 0.	 0.	0.000210713	 0.	 0.
0.00963	 0.	 0.	 0.	0.000206971	 0.	 0.
0.00964	 0.	 0.	 0.	0.000203295	 0.	 0.
0.00965	 0.	 0.	 0.	0.000199685	 0.	 0.
0.00966	 0.	 0.	 0.	0.000196139	 0.	 0.
0.00967	 0.	 0.	 0.	0.000192656	 0.	 0.
0.00968	 0.	 0.	 0.	0.000189235	 0.	 0.
0.00969	 0.	 0.	 0.	0.000185874	 0.	 0.
0.0097	 0.	 0.	 0.	0.000182573	 0.	 0.
0.00971	 0.	 0.	 0.	0.000179331	 0.	 0.
0.00972	 0.	 0.	 0.	0.000176146	 0.	 0.
0.00973	 0.	 0.	 0.	0.000173018	 0.	 0.
0.00974	 0.	 0.	 0.	0.000169946	 0.	 0.
0.00975	 0.	 0.	 0.	0.000166928	 0.	 0.
0.00976	 0.	 0.	 0.	0.000163963	 0.	 0.
0.00977	 0.	 0.	 0.	0.000161052	 0.	 0.
0.00978	 0.	 0.	 0.	0.000158192	 0.	 0.
0.00979	 0.	 0.	 0.	0.000155382	 0.	 0.
0.0098	 0.	 0.	 0.	0.000152623	 0.	 0.
0.00981	 0.	 0.	 0.	0.000149913	 0.	 0.
0.00982	 0.	 0.	 0.	0.00014725	 0.	 0.
0.00983	 0.	 0.	 0.	0.000144635	 0.	 0.
0.00984	 0.	 0.	 0.	0.000142067	 0.	 0.
0.00985	 0.	 0.	 0.	0.000139544	 0.	 0.
0.00986	 0.	 0.	 0.	0.000137066	 0.	 0.
0.00987	 0.	 0.	 0.	0.000134632	 0.	 0.
0.00988	 0.	 0.	 0.	0.000132241	 0.	 0.
0.00989	 0.	 0.	 0.	0.000129893	 0.	 0.
0.0099	 0.	 0.	 0.	0.000127586	 0.	 0.
0.00991	 0.	 0.	 0.	0.00012532	 0.	 0.
0.00992	 0.	 0.	 0.	0.000123095	 0.	 0.
0.00993	 0.	 0.	 0.	0.000120909	 0.	 0.
0.00994	 0.	 0.	 0.	0.000118761	 0.	 0.
0.00995	 0.	 0.	 0.	0.000116652	 0.	 0.
0.00996	 0.	 0.	 0.	0.000114581	 0.	 0.
0.00997	 0.	 0.	 0.	0.000112546	 0.	 0.
0.00998	 0.	 0.	 0.	0.000110547	 0.	 0.
0.00999	 0.	 0.	 0.	0.000108584	 0.	 0.
0.01	 0.	 0.	 0.	0.000106656	 0.	 0.
