0.00001	 0.	 0.	 0.	4.29801	 0.	 0.
0.00002	 0.	 0.	 0.	4.27159	 0.	 0.
0.00003	 0.	 0.	 0.	4.24533	 0.	 0.
0.00004	 0.	 0.	 0.	4.21923	 0.	 0.
0.00005	 0.	 0.	 0.	4.1933	 0.	 0.
0.00006	 0.	 0.	 0.	4.16752	 0.	 0.
0.00007	 0.	 0.	 0.	4.1419	 0.	 0.
0.00008	 0.	 0.	 0.	4.11644	 0.	 0.
0.00009	 0.	 0.	 0.	4.09114	 0.	 0.
0.0001	 0.	 0.	 0.	4.06599	 0.	 0.
0.00011	 0.	 0.	 0.	4.04099	 0.	 0.
0.00012	 0.	 0.	 0.	4.01615	 0.	 0.
0.00013	 0.	 0.	 0.	3.99147	 0.	 0.
0.00014	 0.	 0.	 0.	3.96693	 0.	 0.
0.00015	 0.	 0.	 0.	3.94255	 0.	 0.
0.00016	 0.	 0.	 0.	3.91831	 0.	 0.
0.00017	 0.	 0.	 0.	3.89423	 0.	 0.
0.00018	 0.	 0.	 0.	3.87029	 0.	 0.
0.00019	 0.	 0.	 0.	3.8465	 0.	 0.
0.0002	 0.	 0.	 0.	3.82285	 0.	 0.
0.00021	 0.	 0.	 0.	3.79935	 0.	 0.
0.00022	 0.	 0.	 0.	3.776	 0.	 0.
0.00023	 0.	 0.	 0.	3.75279	 0.	 0.
0.00024	 0.	 0.	 0.	3.72972	 0.	 0.
0.00025	 0.	 0.	 0.	3.70679	 0.	 0.
0.00026	 0.	 0.	 0.	3.684	 0.	 0.
0.00027	 0.	 0.	 0.	3.66136	 0.	 0.
0.00028	 0.	 0.	 0.	3.63885	 0.	 0.
0.00029	 0.	 0.	 0.	3.61648	 0.	 0.
0.0003	 0.	 0.	 0.	3.59425	 0.	 0.
0.00031	 0.	 0.	 0.	3.57216	 0.	 0.
0.00032	 0.	 0.	 0.	3.5502	 0.	 0.
0.00033	 0.	 0.	 0.	3.52838	 0.	 0.
0.00034	 0.	 0.	 0.	3.50669	 0.	 0.
0.00035	 0.	 0.	 0.	3.48513	 0.	 0.
0.00036	 0.	 0.	 0.	3.46371	 0.	 0.
0.00037	 0.	 0.	 0.	3.44242	 0.	 0.
0.00038	 0.	 0.	 0.	3.42126	 0.	 0.
0.00039	 0.	 0.	 0.	3.40023	 0.	 0.
0.0004	 0.	 0.	 0.	3.37933	 0.	 0.
0.00041	 0.	 0.	 0.	3.35855	 0.	 0.
0.00042	 0.	 0.	 0.	3.33791	 0.	 0.
0.00043	 0.	 0.	 0.	3.31739	 0.	 0.
0.00044	 0.	 0.	 0.	3.297	 0.	 0.
0.00045	 0.	 0.	 0.	3.27673	 0.	 0.
0.00046	 0.	 0.	 0.	3.25659	 0.	 0.
0.00047	 0.	 0.	 0.	3.23657	 0.	 0.
0.00048	 0.	 0.	 0.	3.21667	 0.	 0.
0.00049	 0.	 0.	 0.	3.1969	 0.	 0.
0.0005	 0.	 0.	 0.	3.17725	 0.	 0.
0.00051	 0.	 0.	 0.	3.15772	 0.	 0.
0.00052	 0.	 0.	 0.	3.13831	 0.	 0.
0.00053	 0.	 0.	 0.	3.11902	 0.	 0.
0.00054	 0.	 0.	 0.	3.09984	 0.	 0.
0.00055	 0.	 0.	 0.	3.08079	 0.	 0.
0.00056	 0.	 0.	 0.	3.06185	 0.	 0.
0.00057	 0.	 0.	 0.	3.04303	 0.	 0.
0.00058	 0.	 0.	 0.	3.02432	 0.	 0.
0.00059	 0.	 0.	 0.	3.00573	 0.	 0.
0.0006	 0.	 0.	 0.	2.98726	 0.	 0.
0.00061	 0.	 0.	 0.	2.96889	 0.	 0.
0.00062	 0.	 0.	 0.	2.95064	 0.	 0.
0.00063	 0.	 0.	 0.	2.93251	 0.	 0.
0.00064	 0.	 0.	 0.	2.91448	 0.	 0.
0.00065	 0.	 0.	 0.	2.89656	 0.	 0.
0.00066	 0.	 0.	 0.	2.87876	 0.	 0.
0.00067	 0.	 0.	 0.	2.86106	 0.	 0.
0.00068	 0.	 0.	 0.	2.84348	 0.	 0.
0.00069	 0.	 0.	 0.	2.826	 0.	 0.
0.0007	 0.	 0.	 0.	2.80863	 0.	 0.
0.00071	 0.	 0.	 0.	2.79136	 0.	 0.
0.00072	 0.	 0.	 0.	2.7742	 0.	 0.
0.00073	 0.	 0.	 0.	2.75715	 0.	 0.
0.00074	 0.	 0.	 0.	2.7402	 0.	 0.
0.00075	 0.	 0.	 0.	2.72336	 0.	 0.
0.00076	 0.	 0.	 0.	2.70662	 0.	 0.
0.00077	 0.	 0.	 0.	2.68998	 0.	 0.
0.00078	 0.	 0.	 0.	2.67344	 0.	 0.
0.00079	 0.	 0.	 0.	2.65701	 0.	 0.
0.0008	 0.	 0.	 0.	2.64068	 0.	 0.
0.00081	 0.	 0.	 0.	2.62444	 0.	 0.
0.00082	 0.	 0.	 0.	2.60831	 0.	 0.
0.00083	 0.	 0.	 0.	2.59228	 0.	 0.
0.00084	 0.	 0.	 0.	2.57634	 0.	 0.
0.00085	 0.	 0.	 0.	2.56051	 0.	 0.
0.00086	 0.	 0.	 0.	2.54477	 0.	 0.
0.00087	 0.	 0.	 0.	2.52912	 0.	 0.
0.00088	 0.	 0.	 0.	2.51358	 0.	 0.
0.00089	 0.	 0.	 0.	2.49813	 0.	 0.
0.0009	 0.	 0.	 0.	2.48277	 0.	 0.
0.00091	 0.	 0.	 0.	2.46751	 0.	 0.
0.00092	 0.	 0.	 0.	2.45234	 0.	 0.
0.00093	 0.	 0.	 0.	2.43727	 0.	 0.
0.00094	 0.	 0.	 0.	2.42228	 0.	 0.
0.00095	 0.	 0.	 0.	2.40739	 0.	 0.
0.00096	 0.	 0.	 0.	2.39259	 0.	 0.
0.00097	 0.	 0.	 0.	2.37789	 0.	 0.
0.00098	 0.	 0.	 0.	2.36327	 0.	 0.
0.00099	 0.	 0.	 0.	2.34874	 0.	 0.
0.001	 0.	 0.	 0.	2.33431	 0.	 0.
0.00101	 0.	 0.	 0.	2.31996	 0.	 0.
0.00102	 0.	 0.	 0.	2.3057	 0.	 0.
0.00103	 0.	 0.	 0.	2.29152	 0.	 0.
0.00104	 0.	 0.	 0.	2.27744	 0.	 0.
0.00105	 0.	 0.	 0.	2.26344	 0.	 0.
0.00106	 0.	 0.	 0.	2.24952	 0.	 0.
0.00107	 0.	 0.	 0.	2.2357	 0.	 0.
0.00108	 0.	 0.	 0.	2.22195	 0.	 0.
0.00109	 0.	 0.	 0.	2.20829	 0.	 0.
0.0011	 0.	 0.	 0.	2.19472	 0.	 0.
0.00111	 0.	 0.	 0.	2.18123	 0.	 0.
0.00112	 0.	 0.	 0.	2.16782	 0.	 0.
0.00113	 0.	 0.	 0.	2.15449	 0.	 0.
0.00114	 0.	 0.	 0.	2.14125	 0.	 0.
0.00115	 0.	 0.	 0.	2.12809	 0.	 0.
0.00116	 0.	 0.	 0.	2.11501	 0.	 0.
0.00117	 0.	 0.	 0.	2.10201	 0.	 0.
0.00118	 0.	 0.	 0.	2.08908	 0.	 0.
0.00119	 0.	 0.	 0.	2.07624	 0.	 0.
0.0012	 0.	 0.	 0.	2.06348	 0.	 0.
0.00121	 0.	 0.	 0.	2.0508	 0.	 0.
0.00122	 0.	 0.	 0.	2.03819	 0.	 0.
0.00123	 0.	 0.	 0.	2.02566	 0.	 0.
0.00124	 0.	 0.	 0.	2.01321	 0.	 0.
0.00125	 0.	 0.	 0.	2.00083	 0.	 0.
0.00126	 0.	 0.	 0.	1.98853	 0.	 0.
0.00127	 0.	 0.	 0.	1.97631	 0.	 0.
0.00128	 0.	 0.	 0.	1.96416	 0.	 0.
0.00129	 0.	 0.	 0.	1.95209	 0.	 0.
0.0013	 0.	 0.	 0.	1.94009	 0.	 0.
0.00131	 0.	 0.	 0.	1.92816	 0.	 0.
0.00132	 0.	 0.	 0.	1.91631	 0.	 0.
0.00133	 0.	 0.	 0.	1.90453	 0.	 0.
0.00134	 0.	 0.	 0.	1.89282	 0.	 0.
0.00135	 0.	 0.	 0.	1.88119	 0.	 0.
0.00136	 0.	 0.	 0.	1.86962	 0.	 0.
0.00137	 0.	 0.	 0.	1.85813	 0.	 0.
0.00138	 0.	 0.	 0.	1.84671	 0.	 0.
0.00139	 0.	 0.	 0.	1.83536	 0.	 0.
0.0014	 0.	 0.	 0.	1.82408	 0.	 0.
0.00141	 0.	 0.	 0.	1.81286	 0.	 0.
0.00142	 0.	 0.	 0.	1.80172	 0.	 0.
0.00143	 0.	 0.	 0.	1.79064	 0.	 0.
0.00144	 0.	 0.	 0.	1.77964	 0.	 0.
0.00145	 0.	 0.	 0.	1.7687	 0.	 0.
0.00146	 0.	 0.	 0.	1.75782	 0.	 0.
0.00147	 0.	 0.	 0.	1.74702	 0.	 0.
0.00148	 0.	 0.	 0.	1.73628	 0.	 0.
0.00149	 0.	 0.	 0.	1.72561	 0.	 0.
0.0015	 0.	 0.	 0.	1.715	 0.	 0.
0.00151	 0.	 0.	 0.	1.70446	 0.	 0.
0.00152	 0.	 0.	 0.	1.69398	 0.	 0.
0.00153	 0.	 0.	 0.	1.68357	 0.	 0.
0.00154	 0.	 0.	 0.	1.67322	 0.	 0.
0.00155	 0.	 0.	 0.	1.66293	 0.	 0.
0.00156	 0.	 0.	 0.	1.65271	 0.	 0.
0.00157	 0.	 0.	 0.	1.64255	 0.	 0.
0.00158	 0.	 0.	 0.	1.63245	 0.	 0.
0.00159	 0.	 0.	 0.	1.62242	 0.	 0.
0.0016	 0.	 0.	 0.	1.61245	 0.	 0.
0.00161	 0.	 0.	 0.	1.60254	 0.	 0.
0.00162	 0.	 0.	 0.	1.59268	 0.	 0.
0.00163	 0.	 0.	 0.	1.58289	 0.	 0.
0.00164	 0.	 0.	 0.	1.57316	 0.	 0.
0.00165	 0.	 0.	 0.	1.56349	 0.	 0.
0.00166	 0.	 0.	 0.	1.55388	 0.	 0.
0.00167	 0.	 0.	 0.	1.54433	 0.	 0.
0.00168	 0.	 0.	 0.	1.53484	 0.	 0.
0.00169	 0.	 0.	 0.	1.5254	 0.	 0.
0.0017	 0.	 0.	 0.	1.51603	 0.	 0.
0.00171	 0.	 0.	 0.	1.50671	 0.	 0.
0.00172	 0.	 0.	 0.	1.49745	 0.	 0.
0.00173	 0.	 0.	 0.	1.48824	 0.	 0.
0.00174	 0.	 0.	 0.	1.47909	 0.	 0.
0.00175	 0.	 0.	 0.	1.47	 0.	 0.
0.00176	 0.	 0.	 0.	1.46096	 0.	 0.
0.00177	 0.	 0.	 0.	1.45198	 0.	 0.
0.00178	 0.	 0.	 0.	1.44306	 0.	 0.
0.00179	 0.	 0.	 0.	1.43419	 0.	 0.
0.0018	 0.	 0.	 0.	1.42537	 0.	 0.
0.00181	 0.	 0.	 0.	1.41661	 0.	 0.
0.00182	 0.	 0.	 0.	1.4079	 0.	 0.
0.00183	 0.	 0.	 0.	1.39925	 0.	 0.
0.00184	 0.	 0.	 0.	1.39065	 0.	 0.
0.00185	 0.	 0.	 0.	1.3821	 0.	 0.
0.00186	 0.	 0.	 0.	1.3736	 0.	 0.
0.00187	 0.	 0.	 0.	1.36516	 0.	 0.
0.00188	 0.	 0.	 0.	1.35677	 0.	 0.
0.00189	 0.	 0.	 0.	1.34843	 0.	 0.
0.0019	 0.	 0.	 0.	1.34014	 0.	 0.
0.00191	 0.	 0.	 0.	1.3319	 0.	 0.
0.00192	 0.	 0.	 0.	1.32371	 0.	 0.
0.00193	 0.	 0.	 0.	1.31558	 0.	 0.
0.00194	 0.	 0.	 0.	1.30749	 0.	 0.
0.00195	 0.	 0.	 0.	1.29945	 0.	 0.
0.00196	 0.	 0.	 0.	1.29146	 0.	 0.
0.00197	 0.	 0.	 0.	1.28352	 0.	 0.
0.00198	 0.	 0.	 0.	1.27563	 0.	 0.
0.00199	 0.	 0.	 0.	1.26779	 0.	 0.
0.002	 0.	 0.	 0.	1.26	 0.	 0.
0.00201	 0.	 0.	 0.	1.25225	 0.	 0.
0.00202	 0.	 0.	 0.	1.24456	 0.	 0.
0.00203	 0.	 0.	 0.	1.23691	 0.	 0.
0.00204	 0.	 0.	 0.	1.2293	 0.	 0.
0.00205	 0.	 0.	 0.	1.22175	 0.	 0.
0.00206	 0.	 0.	 0.	1.21424	 0.	 0.
0.00207	 0.	 0.	 0.	1.20677	 0.	 0.
0.00208	 0.	 0.	 0.	1.19935	 0.	 0.
0.00209	 0.	 0.	 0.	1.19198	 0.	 0.
0.0021	 0.	 0.	 0.	1.18465	 0.	 0.
0.00211	 0.	 0.	 0.	1.17737	 0.	 0.
0.00212	 0.	 0.	 0.	1.17014	 0.	 0.
0.00213	 0.	 0.	 0.	1.16294	 0.	 0.
0.00214	 0.	 0.	 0.	1.15579	 0.	 0.
0.00215	 0.	 0.	 0.	1.14869	 0.	 0.
0.00216	 0.	 0.	 0.	1.14163	 0.	 0.
0.00217	 0.	 0.	 0.	1.13461	 0.	 0.
0.00218	 0.	 0.	 0.	1.12764	 0.	 0.
0.00219	 0.	 0.	 0.	1.1207	 0.	 0.
0.0022	 0.	 0.	 0.	1.11382	 0.	 0.
0.00221	 0.	 0.	 0.	1.10697	 0.	 0.
0.00222	 0.	 0.	 0.	1.10016	 0.	 0.
0.00223	 0.	 0.	 0.	1.0934	 0.	 0.
0.00224	 0.	 0.	 0.	1.08668	 0.	 0.
0.00225	 0.	 0.	 0.	1.08	 0.	 0.
0.00226	 0.	 0.	 0.	1.07187	 0.	 0.
0.00227	 0.	 0.	 0.	1.06379	 0.	 0.
0.00228	 0.	 0.	 0.	1.05578	 0.	 0.
0.00229	 0.	 0.	 0.	1.04783	 0.	 0.
0.0023	 0.	 0.	 0.	1.03994	 0.	 0.
0.00231	 0.	 0.	 0.	1.0321	 0.	 0.
0.00232	 0.	 0.	 0.	1.02433	 0.	 0.
0.00233	 0.	 0.	 0.	1.01661	 0.	 0.
0.00234	 0.	 0.	 0.	1.00896	 0.	 0.
0.00235	 0.	 0.	 0.	1.00136	 0.	 0.
0.00236	 0.	 0.	 0.	0.993816	 0.	 0.
0.00237	 0.	 0.	 0.	0.98633	 0.	 0.
0.00238	 0.	 0.	 0.	0.978901	 0.	 0.
0.00239	 0.	 0.	 0.	0.971528	 0.	 0.
0.0024	 0.	 0.	 0.	0.964211	 0.	 0.
0.00241	 0.	 0.	 0.	0.956948	 0.	 0.
0.00242	 0.	 0.	 0.	0.949741	 0.	 0.
0.00243	 0.	 0.	 0.	0.942587	 0.	 0.
0.00244	 0.	 0.	 0.	0.935488	 0.	 0.
0.00245	 0.	 0.	 0.	0.928442	 0.	 0.
0.00246	 0.	 0.	 0.	0.921449	 0.	 0.
0.00247	 0.	 0.	 0.	0.914509	 0.	 0.
0.00248	 0.	 0.	 0.	0.907621	 0.	 0.
0.00249	 0.	 0.	 0.	0.900785	 0.	 0.
0.0025	 0.	 0.	 0.	0.894	 0.	 0.
0.00251	 0.	 0.	 0.	0.888998	 0.	 0.
0.00252	 0.	 0.	 0.	0.884024	 0.	 0.
0.00253	 0.	 0.	 0.	0.879078	 0.	 0.
0.00254	 0.	 0.	 0.	0.87416	 0.	 0.
0.00255	 0.	 0.	 0.	0.869269	 0.	 0.
0.00256	 0.	 0.	 0.	0.864406	 0.	 0.
0.00257	 0.	 0.	 0.	0.859569	 0.	 0.
0.00258	 0.	 0.	 0.	0.85476	 0.	 0.
0.00259	 0.	 0.	 0.	0.849978	 0.	 0.
0.0026	 0.	 0.	 0.	0.845222	 0.	 0.
0.00261	 0.	 0.	 0.	0.840493	 0.	 0.
0.00262	 0.	 0.	 0.	0.835791	 0.	 0.
0.00263	 0.	 0.	 0.	0.831115	 0.	 0.
0.00264	 0.	 0.	 0.	0.826465	 0.	 0.
0.00265	 0.	 0.	 0.	0.821841	 0.	 0.
0.00266	 0.	 0.	 0.	0.817243	 0.	 0.
0.00267	 0.	 0.	 0.	0.81267	 0.	 0.
0.00268	 0.	 0.	 0.	0.808123	 0.	 0.
0.00269	 0.	 0.	 0.	0.803602	 0.	 0.
0.0027	 0.	 0.	 0.	0.799106	 0.	 0.
0.00271	 0.	 0.	 0.	0.794635	 0.	 0.
0.00272	 0.	 0.	 0.	0.790189	 0.	 0.
0.00273	 0.	 0.	 0.	0.785768	 0.	 0.
0.00274	 0.	 0.	 0.	0.781372	 0.	 0.
0.00275	 0.	 0.	 0.	0.777	 0.	 0.
0.00276	 0.	 0.	 0.	0.771043	 0.	 0.
0.00277	 0.	 0.	 0.	0.765131	 0.	 0.
0.00278	 0.	 0.	 0.	0.759265	 0.	 0.
0.00279	 0.	 0.	 0.	0.753444	 0.	 0.
0.0028	 0.	 0.	 0.	0.747667	 0.	 0.
0.00281	 0.	 0.	 0.	0.741935	 0.	 0.
0.00282	 0.	 0.	 0.	0.736247	 0.	 0.
0.00283	 0.	 0.	 0.	0.730602	 0.	 0.
0.00284	 0.	 0.	 0.	0.725001	 0.	 0.
0.00285	 0.	 0.	 0.	0.719442	 0.	 0.
0.00286	 0.	 0.	 0.	0.713926	 0.	 0.
0.00287	 0.	 0.	 0.	0.708453	 0.	 0.
0.00288	 0.	 0.	 0.	0.703021	 0.	 0.
0.00289	 0.	 0.	 0.	0.697631	 0.	 0.
0.0029	 0.	 0.	 0.	0.692282	 0.	 0.
0.00291	 0.	 0.	 0.	0.686975	 0.	 0.
0.00292	 0.	 0.	 0.	0.681708	 0.	 0.
0.00293	 0.	 0.	 0.	0.676481	 0.	 0.
0.00294	 0.	 0.	 0.	0.671295	 0.	 0.
0.00295	 0.	 0.	 0.	0.666148	 0.	 0.
0.00296	 0.	 0.	 0.	0.661041	 0.	 0.
0.00297	 0.	 0.	 0.	0.655972	 0.	 0.
0.00298	 0.	 0.	 0.	0.650943	 0.	 0.
0.00299	 0.	 0.	 0.	0.645952	 0.	 0.
0.003	 0.	 0.	 0.	0.641	 0.	 0.
0.00301	 0.	 0.	 0.	0.636429	 0.	 0.
0.00302	 0.	 0.	 0.	0.631892	 0.	 0.
0.00303	 0.	 0.	 0.	0.627386	 0.	 0.
0.00304	 0.	 0.	 0.	0.622913	 0.	 0.
0.00305	 0.	 0.	 0.	0.618471	 0.	 0.
0.00306	 0.	 0.	 0.	0.614061	 0.	 0.
0.00307	 0.	 0.	 0.	0.609683	 0.	 0.
0.00308	 0.	 0.	 0.	0.605336	 0.	 0.
0.00309	 0.	 0.	 0.	0.601019	 0.	 0.
0.0031	 0.	 0.	 0.	0.596734	 0.	 0.
0.00311	 0.	 0.	 0.	0.592479	 0.	 0.
0.00312	 0.	 0.	 0.	0.588255	 0.	 0.
0.00313	 0.	 0.	 0.	0.58406	 0.	 0.
0.00314	 0.	 0.	 0.	0.579896	 0.	 0.
0.00315	 0.	 0.	 0.	0.575761	 0.	 0.
0.00316	 0.	 0.	 0.	0.571655	 0.	 0.
0.00317	 0.	 0.	 0.	0.567579	 0.	 0.
0.00318	 0.	 0.	 0.	0.563532	 0.	 0.
0.00319	 0.	 0.	 0.	0.559514	 0.	 0.
0.0032	 0.	 0.	 0.	0.555525	 0.	 0.
0.00321	 0.	 0.	 0.	0.551564	 0.	 0.
0.00322	 0.	 0.	 0.	0.547631	 0.	 0.
0.00323	 0.	 0.	 0.	0.543726	 0.	 0.
0.00324	 0.	 0.	 0.	0.539849	 0.	 0.
0.00325	 0.	 0.	 0.	0.536	 0.	 0.
0.00326	 0.	 0.	 0.	0.531737	 0.	 0.
0.00327	 0.	 0.	 0.	0.527508	 0.	 0.
0.00328	 0.	 0.	 0.	0.523312	 0.	 0.
0.00329	 0.	 0.	 0.	0.51915	 0.	 0.
0.0033	 0.	 0.	 0.	0.515021	 0.	 0.
0.00331	 0.	 0.	 0.	0.510924	 0.	 0.
0.00332	 0.	 0.	 0.	0.506861	 0.	 0.
0.00333	 0.	 0.	 0.	0.502829	 0.	 0.
0.00334	 0.	 0.	 0.	0.49883	 0.	 0.
0.00335	 0.	 0.	 0.	0.494863	 0.	 0.
0.00336	 0.	 0.	 0.	0.490927	 0.	 0.
0.00337	 0.	 0.	 0.	0.487022	 0.	 0.
0.00338	 0.	 0.	 0.	0.483149	 0.	 0.
0.00339	 0.	 0.	 0.	0.479306	 0.	 0.
0.0034	 0.	 0.	 0.	0.475494	 0.	 0.
0.00341	 0.	 0.	 0.	0.471712	 0.	 0.
0.00342	 0.	 0.	 0.	0.46796	 0.	 0.
0.00343	 0.	 0.	 0.	0.464238	 0.	 0.
0.00344	 0.	 0.	 0.	0.460546	 0.	 0.
0.00345	 0.	 0.	 0.	0.456883	 0.	 0.
0.00346	 0.	 0.	 0.	0.453249	 0.	 0.
0.00347	 0.	 0.	 0.	0.449644	 0.	 0.
0.00348	 0.	 0.	 0.	0.446067	 0.	 0.
0.00349	 0.	 0.	 0.	0.44252	 0.	 0.
0.0035	 0.	 0.	 0.	0.439	 0.	 0.
0.00351	 0.	 0.	 0.	0.434839	 0.	 0.
0.00352	 0.	 0.	 0.	0.430718	 0.	 0.
0.00353	 0.	 0.	 0.	0.426636	 0.	 0.
0.00354	 0.	 0.	 0.	0.422593	 0.	 0.
0.00355	 0.	 0.	 0.	0.418588	 0.	 0.
0.00356	 0.	 0.	 0.	0.414621	 0.	 0.
0.00357	 0.	 0.	 0.	0.410692	 0.	 0.
0.00358	 0.	 0.	 0.	0.406799	 0.	 0.
0.00359	 0.	 0.	 0.	0.402944	 0.	 0.
0.0036	 0.	 0.	 0.	0.399125	 0.	 0.
0.00361	 0.	 0.	 0.	0.395343	 0.	 0.
0.00362	 0.	 0.	 0.	0.391596	 0.	 0.
0.00363	 0.	 0.	 0.	0.387885	 0.	 0.
0.00364	 0.	 0.	 0.	0.384209	 0.	 0.
0.00365	 0.	 0.	 0.	0.380567	 0.	 0.
0.00366	 0.	 0.	 0.	0.376961	 0.	 0.
0.00367	 0.	 0.	 0.	0.373388	 0.	 0.
0.00368	 0.	 0.	 0.	0.369849	 0.	 0.
0.00369	 0.	 0.	 0.	0.366344	 0.	 0.
0.0037	 0.	 0.	 0.	0.362872	 0.	 0.
0.00371	 0.	 0.	 0.	0.359433	 0.	 0.
0.00372	 0.	 0.	 0.	0.356027	 0.	 0.
0.00373	 0.	 0.	 0.	0.352653	 0.	 0.
0.00374	 0.	 0.	 0.	0.34931	 0.	 0.
0.00375	 0.	 0.	 0.	0.346	 0.	 0.
0.00376	 0.	 0.	 0.	0.343181	 0.	 0.
0.00377	 0.	 0.	 0.	0.340385	 0.	 0.
0.00378	 0.	 0.	 0.	0.337611	 0.	 0.
0.00379	 0.	 0.	 0.	0.33486	 0.	 0.
0.0038	 0.	 0.	 0.	0.332132	 0.	 0.
0.00381	 0.	 0.	 0.	0.329426	 0.	 0.
0.00382	 0.	 0.	 0.	0.326742	 0.	 0.
0.00383	 0.	 0.	 0.	0.324079	 0.	 0.
0.00384	 0.	 0.	 0.	0.321439	 0.	 0.
0.00385	 0.	 0.	 0.	0.31882	 0.	 0.
0.00386	 0.	 0.	 0.	0.316222	 0.	 0.
0.00387	 0.	 0.	 0.	0.313646	 0.	 0.
0.00388	 0.	 0.	 0.	0.31109	 0.	 0.
0.00389	 0.	 0.	 0.	0.308555	 0.	 0.
0.0039	 0.	 0.	 0.	0.306041	 0.	 0.
0.00391	 0.	 0.	 0.	0.303548	 0.	 0.
0.00392	 0.	 0.	 0.	0.301074	 0.	 0.
0.00393	 0.	 0.	 0.	0.298621	 0.	 0.
0.00394	 0.	 0.	 0.	0.296188	 0.	 0.
0.00395	 0.	 0.	 0.	0.293775	 0.	 0.
0.00396	 0.	 0.	 0.	0.291381	 0.	 0.
0.00397	 0.	 0.	 0.	0.289007	 0.	 0.
0.00398	 0.	 0.	 0.	0.286652	 0.	 0.
0.00399	 0.	 0.	 0.	0.284317	 0.	 0.
0.004	 0.	 0.	 0.	0.282	 0.	 0.
0.00401	 0.	 0.	 0.	0.279213	 0.	 0.
0.00402	 0.	 0.	 0.	0.276454	 0.	 0.
0.00403	 0.	 0.	 0.	0.273722	 0.	 0.
0.00404	 0.	 0.	 0.	0.271017	 0.	 0.
0.00405	 0.	 0.	 0.	0.268339	 0.	 0.
0.00406	 0.	 0.	 0.	0.265687	 0.	 0.
0.00407	 0.	 0.	 0.	0.263062	 0.	 0.
0.00408	 0.	 0.	 0.	0.260462	 0.	 0.
0.00409	 0.	 0.	 0.	0.257888	 0.	 0.
0.0041	 0.	 0.	 0.	0.25534	 0.	 0.
0.00411	 0.	 0.	 0.	0.252817	 0.	 0.
0.00412	 0.	 0.	 0.	0.250318	 0.	 0.
0.00413	 0.	 0.	 0.	0.247845	 0.	 0.
0.00414	 0.	 0.	 0.	0.245395	 0.	 0.
0.00415	 0.	 0.	 0.	0.24297	 0.	 0.
0.00416	 0.	 0.	 0.	0.240569	 0.	 0.
0.00417	 0.	 0.	 0.	0.238192	 0.	 0.
0.00418	 0.	 0.	 0.	0.235838	 0.	 0.
0.00419	 0.	 0.	 0.	0.233508	 0.	 0.
0.0042	 0.	 0.	 0.	0.2312	 0.	 0.
0.00421	 0.	 0.	 0.	0.228915	 0.	 0.
0.00422	 0.	 0.	 0.	0.226653	 0.	 0.
0.00423	 0.	 0.	 0.	0.224413	 0.	 0.
0.00424	 0.	 0.	 0.	0.222196	 0.	 0.
0.00425	 0.	 0.	 0.	0.22	 0.	 0.
0.00426	 0.	 0.	 0.	0.217535	 0.	 0.
0.00427	 0.	 0.	 0.	0.215099	 0.	 0.
0.00428	 0.	 0.	 0.	0.212689	 0.	 0.
0.00429	 0.	 0.	 0.	0.210306	 0.	 0.
0.0043	 0.	 0.	 0.	0.20795	 0.	 0.
0.00431	 0.	 0.	 0.	0.205621	 0.	 0.
0.00432	 0.	 0.	 0.	0.203317	 0.	 0.
0.00433	 0.	 0.	 0.	0.20104	 0.	 0.
0.00434	 0.	 0.	 0.	0.198788	 0.	 0.
0.00435	 0.	 0.	 0.	0.196561	 0.	 0.
0.00436	 0.	 0.	 0.	0.194359	 0.	 0.
0.00437	 0.	 0.	 0.	0.192182	 0.	 0.
0.00438	 0.	 0.	 0.	0.190029	 0.	 0.
0.00439	 0.	 0.	 0.	0.1879	 0.	 0.
0.0044	 0.	 0.	 0.	0.185795	 0.	 0.
0.00441	 0.	 0.	 0.	0.183714	 0.	 0.
0.00442	 0.	 0.	 0.	0.181656	 0.	 0.
0.00443	 0.	 0.	 0.	0.179621	 0.	 0.
0.00444	 0.	 0.	 0.	0.177608	 0.	 0.
0.00445	 0.	 0.	 0.	0.175619	 0.	 0.
0.00446	 0.	 0.	 0.	0.173651	 0.	 0.
0.00447	 0.	 0.	 0.	0.171706	 0.	 0.
0.00448	 0.	 0.	 0.	0.169783	 0.	 0.
0.00449	 0.	 0.	 0.	0.167881	 0.	 0.
0.0045	 0.	 0.	 0.	0.166	 0.	 0.
0.00451	 0.	 0.	 0.	0.164127	 0.	 0.
0.00452	 0.	 0.	 0.	0.162275	 0.	 0.
0.00453	 0.	 0.	 0.	0.160444	 0.	 0.
0.00454	 0.	 0.	 0.	0.158634	 0.	 0.
0.00455	 0.	 0.	 0.	0.156844	 0.	 0.
0.00456	 0.	 0.	 0.	0.155075	 0.	 0.
0.00457	 0.	 0.	 0.	0.153325	 0.	 0.
0.00458	 0.	 0.	 0.	0.151595	 0.	 0.
0.00459	 0.	 0.	 0.	0.149885	 0.	 0.
0.0046	 0.	 0.	 0.	0.148193	 0.	 0.
0.00461	 0.	 0.	 0.	0.146521	 0.	 0.
0.00462	 0.	 0.	 0.	0.144868	 0.	 0.
0.00463	 0.	 0.	 0.	0.143234	 0.	 0.
0.00464	 0.	 0.	 0.	0.141618	 0.	 0.
0.00465	 0.	 0.	 0.	0.14002	 0.	 0.
0.00466	 0.	 0.	 0.	0.13844	 0.	 0.
0.00467	 0.	 0.	 0.	0.136878	 0.	 0.
0.00468	 0.	 0.	 0.	0.135334	 0.	 0.
0.00469	 0.	 0.	 0.	0.133807	 0.	 0.
0.0047	 0.	 0.	 0.	0.132297	 0.	 0.
0.00471	 0.	 0.	 0.	0.130804	 0.	 0.
0.00472	 0.	 0.	 0.	0.129328	 0.	 0.
0.00473	 0.	 0.	 0.	0.127869	 0.	 0.
0.00474	 0.	 0.	 0.	0.126426	 0.	 0.
0.00475	 0.	 0.	 0.	0.125	 0.	 0.
0.00476	 0.	 0.	 0.	0.123759	 0.	 0.
0.00477	 0.	 0.	 0.	0.12253	 0.	 0.
0.00478	 0.	 0.	 0.	0.121313	 0.	 0.
0.00479	 0.	 0.	 0.	0.120109	 0.	 0.
0.0048	 0.	 0.	 0.	0.118916	 0.	 0.
0.00481	 0.	 0.	 0.	0.117735	 0.	 0.
0.00482	 0.	 0.	 0.	0.116566	 0.	 0.
0.00483	 0.	 0.	 0.	0.115408	 0.	 0.
0.00484	 0.	 0.	 0.	0.114262	 0.	 0.
0.00485	 0.	 0.	 0.	0.113128	 0.	 0.
0.00486	 0.	 0.	 0.	0.112005	 0.	 0.
0.00487	 0.	 0.	 0.	0.110892	 0.	 0.
0.00488	 0.	 0.	 0.	0.109791	 0.	 0.
0.00489	 0.	 0.	 0.	0.108701	 0.	 0.
0.0049	 0.	 0.	 0.	0.107622	 0.	 0.
0.00491	 0.	 0.	 0.	0.106553	 0.	 0.
0.00492	 0.	 0.	 0.	0.105495	 0.	 0.
0.00493	 0.	 0.	 0.	0.104447	 0.	 0.
0.00494	 0.	 0.	 0.	0.10341	 0.	 0.
0.00495	 0.	 0.	 0.	0.102383	 0.	 0.
0.00496	 0.	 0.	 0.	0.101367	 0.	 0.
0.00497	 0.	 0.	 0.	0.10036	 0.	 0.
0.00498	 0.	 0.	 0.	0.0993635	 0.	 0.
0.00499	 0.	 0.	 0.	0.0983769	 0.	 0.
0.005	 0.	 0.	 0.	0.0974	 0.	 0.
0.00501	 0.	 0.	 0.	0.0963717	 0.	 0.
0.00502	 0.	 0.	 0.	0.0953542	 0.	 0.
0.00503	 0.	 0.	 0.	0.0943475	 0.	 0.
0.00504	 0.	 0.	 0.	0.0933514	 0.	 0.
0.00505	 0.	 0.	 0.	0.0923658	 0.	 0.
0.00506	 0.	 0.	 0.	0.0913906	 0.	 0.
0.00507	 0.	 0.	 0.	0.0904258	 0.	 0.
0.00508	 0.	 0.	 0.	0.0894711	 0.	 0.
0.00509	 0.	 0.	 0.	0.0885265	 0.	 0.
0.0051	 0.	 0.	 0.	0.0875918	 0.	 0.
0.00511	 0.	 0.	 0.	0.0866671	 0.	 0.
0.00512	 0.	 0.	 0.	0.0857521	 0.	 0.
0.00513	 0.	 0.	 0.	0.0848467	 0.	 0.
0.00514	 0.	 0.	 0.	0.0839509	 0.	 0.
0.00515	 0.	 0.	 0.	0.0830646	 0.	 0.
0.00516	 0.	 0.	 0.	0.0821876	 0.	 0.
0.00517	 0.	 0.	 0.	0.0813199	 0.	 0.
0.00518	 0.	 0.	 0.	0.0804614	 0.	 0.
0.00519	 0.	 0.	 0.	0.0796119	 0.	 0.
0.0052	 0.	 0.	 0.	0.0787713	 0.	 0.
0.00521	 0.	 0.	 0.	0.0779397	 0.	 0.
0.00522	 0.	 0.	 0.	0.0771168	 0.	 0.
0.00523	 0.	 0.	 0.	0.0763027	 0.	 0.
0.00524	 0.	 0.	 0.	0.0754971	 0.	 0.
0.00525	 0.	 0.	 0.	0.0747	 0.	 0.
0.00526	 0.	 0.	 0.	0.0738334	 0.	 0.
0.00527	 0.	 0.	 0.	0.0729769	 0.	 0.
0.00528	 0.	 0.	 0.	0.0721304	 0.	 0.
0.00529	 0.	 0.	 0.	0.0712936	 0.	 0.
0.0053	 0.	 0.	 0.	0.0704666	 0.	 0.
0.00531	 0.	 0.	 0.	0.0696492	 0.	 0.
0.00532	 0.	 0.	 0.	0.0688412	 0.	 0.
0.00533	 0.	 0.	 0.	0.0680426	 0.	 0.
0.00534	 0.	 0.	 0.	0.0672533	 0.	 0.
0.00535	 0.	 0.	 0.	0.0664731	 0.	 0.
0.00536	 0.	 0.	 0.	0.065702	 0.	 0.
0.00537	 0.	 0.	 0.	0.0649398	 0.	 0.
0.00538	 0.	 0.	 0.	0.0641865	 0.	 0.
0.00539	 0.	 0.	 0.	0.0634419	 0.	 0.
0.0054	 0.	 0.	 0.	0.062706	 0.	 0.
0.00541	 0.	 0.	 0.	0.0619785	 0.	 0.
0.00542	 0.	 0.	 0.	0.0612596	 0.	 0.
0.00543	 0.	 0.	 0.	0.0605489	 0.	 0.
0.00544	 0.	 0.	 0.	0.0598465	 0.	 0.
0.00545	 0.	 0.	 0.	0.0591523	 0.	 0.
0.00546	 0.	 0.	 0.	0.0584661	 0.	 0.
0.00547	 0.	 0.	 0.	0.0577879	 0.	 0.
0.00548	 0.	 0.	 0.	0.0571175	 0.	 0.
0.00549	 0.	 0.	 0.	0.0564549	 0.	 0.
0.0055	 0.	 0.	 0.	0.0558	 0.	 0.
0.00551	 0.	 0.	 0.	0.0551217	 0.	 0.
0.00552	 0.	 0.	 0.	0.0544516	 0.	 0.
0.00553	 0.	 0.	 0.	0.0537897	 0.	 0.
0.00554	 0.	 0.	 0.	0.0531358	 0.	 0.
0.00555	 0.	 0.	 0.	0.0524899	 0.	 0.
0.00556	 0.	 0.	 0.	0.0518518	 0.	 0.
0.00557	 0.	 0.	 0.	0.0512215	 0.	 0.
0.00558	 0.	 0.	 0.	0.0505988	 0.	 0.
0.00559	 0.	 0.	 0.	0.0499838	 0.	 0.
0.0056	 0.	 0.	 0.	0.0493762	 0.	 0.
0.00561	 0.	 0.	 0.	0.0487759	 0.	 0.
0.00562	 0.	 0.	 0.	0.048183	 0.	 0.
0.00563	 0.	 0.	 0.	0.0475973	 0.	 0.
0.00564	 0.	 0.	 0.	0.0470187	 0.	 0.
0.00565	 0.	 0.	 0.	0.0464471	 0.	 0.
0.00566	 0.	 0.	 0.	0.0458825	 0.	 0.
0.00567	 0.	 0.	 0.	0.0453247	 0.	 0.
0.00568	 0.	 0.	 0.	0.0447738	 0.	 0.
0.00569	 0.	 0.	 0.	0.0442295	 0.	 0.
0.0057	 0.	 0.	 0.	0.0436918	 0.	 0.
0.00571	 0.	 0.	 0.	0.0431607	 0.	 0.
0.00572	 0.	 0.	 0.	0.042636	 0.	 0.
0.00573	 0.	 0.	 0.	0.0421178	 0.	 0.
0.00574	 0.	 0.	 0.	0.0416058	 0.	 0.
0.00575	 0.	 0.	 0.	0.0411	 0.	 0.
0.00576	 0.	 0.	 0.	0.0406125	 0.	 0.
0.00577	 0.	 0.	 0.	0.0401309	 0.	 0.
0.00578	 0.	 0.	 0.	0.0396549	 0.	 0.
0.00579	 0.	 0.	 0.	0.0391846	 0.	 0.
0.0058	 0.	 0.	 0.	0.0387198	 0.	 0.
0.00581	 0.	 0.	 0.	0.0382606	 0.	 0.
0.00582	 0.	 0.	 0.	0.0378068	 0.	 0.
0.00583	 0.	 0.	 0.	0.0373584	 0.	 0.
0.00584	 0.	 0.	 0.	0.0369153	 0.	 0.
0.00585	 0.	 0.	 0.	0.0364775	 0.	 0.
0.00586	 0.	 0.	 0.	0.0360449	 0.	 0.
0.00587	 0.	 0.	 0.	0.0356174	 0.	 0.
0.00588	 0.	 0.	 0.	0.0351949	 0.	 0.
0.00589	 0.	 0.	 0.	0.0347775	 0.	 0.
0.0059	 0.	 0.	 0.	0.034365	 0.	 0.
0.00591	 0.	 0.	 0.	0.0339574	 0.	 0.
0.00592	 0.	 0.	 0.	0.0335547	 0.	 0.
0.00593	 0.	 0.	 0.	0.0331567	 0.	 0.
0.00594	 0.	 0.	 0.	0.0327635	 0.	 0.
0.00595	 0.	 0.	 0.	0.0323749	 0.	 0.
0.00596	 0.	 0.	 0.	0.0319909	 0.	 0.
0.00597	 0.	 0.	 0.	0.0316115	 0.	 0.
0.00598	 0.	 0.	 0.	0.0312366	 0.	 0.
0.00599	 0.	 0.	 0.	0.0308661	 0.	 0.
0.006	 0.	 0.	 0.	0.0305	 0.	 0.
0.00601	 0.	 0.	 0.	0.0299774	 0.	 0.
0.00602	 0.	 0.	 0.	0.0294638	 0.	 0.
0.00603	 0.	 0.	 0.	0.028959	 0.	 0.
0.00604	 0.	 0.	 0.	0.0284628	 0.	 0.
0.00605	 0.	 0.	 0.	0.0279752	 0.	 0.
0.00606	 0.	 0.	 0.	0.0274959	 0.	 0.
0.00607	 0.	 0.	 0.	0.0270248	 0.	 0.
0.00608	 0.	 0.	 0.	0.0265618	 0.	 0.
0.00609	 0.	 0.	 0.	0.0261067	 0.	 0.
0.0061	 0.	 0.	 0.	0.0256594	 0.	 0.
0.00611	 0.	 0.	 0.	0.0252197	 0.	 0.
0.00612	 0.	 0.	 0.	0.0247876	 0.	 0.
0.00613	 0.	 0.	 0.	0.0243629	 0.	 0.
0.00614	 0.	 0.	 0.	0.0239455	 0.	 0.
0.00615	 0.	 0.	 0.	0.0235353	 0.	 0.
0.00616	 0.	 0.	 0.	0.023132	 0.	 0.
0.00617	 0.	 0.	 0.	0.0227357	 0.	 0.
0.00618	 0.	 0.	 0.	0.0223462	 0.	 0.
0.00619	 0.	 0.	 0.	0.0219633	 0.	 0.
0.0062	 0.	 0.	 0.	0.021587	 0.	 0.
0.00621	 0.	 0.	 0.	0.0212171	 0.	 0.
0.00622	 0.	 0.	 0.	0.0208536	 0.	 0.
0.00623	 0.	 0.	 0.	0.0204963	 0.	 0.
0.00624	 0.	 0.	 0.	0.0201452	 0.	 0.
0.00625	 0.	 0.	 0.	0.0198	 0.	 0.
0.00626	 0.	 0.	 0.	0.019602	 0.	 0.
0.00627	 0.	 0.	 0.	0.0194059	 0.	 0.
0.00628	 0.	 0.	 0.	0.0192118	 0.	 0.
0.00629	 0.	 0.	 0.	0.0190196	 0.	 0.
0.0063	 0.	 0.	 0.	0.0188294	 0.	 0.
0.00631	 0.	 0.	 0.	0.0186411	 0.	 0.
0.00632	 0.	 0.	 0.	0.0184546	 0.	 0.
0.00633	 0.	 0.	 0.	0.01827	 0.	 0.
0.00634	 0.	 0.	 0.	0.0180873	 0.	 0.
0.00635	 0.	 0.	 0.	0.0179064	 0.	 0.
0.00636	 0.	 0.	 0.	0.0177273	 0.	 0.
0.00637	 0.	 0.	 0.	0.0175499	 0.	 0.
0.00638	 0.	 0.	 0.	0.0173744	 0.	 0.
0.00639	 0.	 0.	 0.	0.0172006	 0.	 0.
0.0064	 0.	 0.	 0.	0.0170286	 0.	 0.
0.00641	 0.	 0.	 0.	0.0168583	 0.	 0.
0.00642	 0.	 0.	 0.	0.0166896	 0.	 0.
0.00643	 0.	 0.	 0.	0.0165227	 0.	 0.
0.00644	 0.	 0.	 0.	0.0163574	 0.	 0.
0.00645	 0.	 0.	 0.	0.0161938	 0.	 0.
0.00646	 0.	 0.	 0.	0.0160319	 0.	 0.
0.00647	 0.	 0.	 0.	0.0158715	 0.	 0.
0.00648	 0.	 0.	 0.	0.0157128	 0.	 0.
0.00649	 0.	 0.	 0.	0.0155556	 0.	 0.
0.0065	 0.	 0.	 0.	0.0154	 0.	 0.
0.00651	 0.	 0.	 0.	0.0151886	 0.	 0.
0.00652	 0.	 0.	 0.	0.01498	 0.	 0.
0.00653	 0.	 0.	 0.	0.0147744	 0.	 0.
0.00654	 0.	 0.	 0.	0.0145715	 0.	 0.
0.00655	 0.	 0.	 0.	0.0143715	 0.	 0.
0.00656	 0.	 0.	 0.	0.0141742	 0.	 0.
0.00657	 0.	 0.	 0.	0.0139796	 0.	 0.
0.00658	 0.	 0.	 0.	0.0137877	 0.	 0.
0.00659	 0.	 0.	 0.	0.0135984	 0.	 0.
0.0066	 0.	 0.	 0.	0.0134117	 0.	 0.
0.00661	 0.	 0.	 0.	0.0132275	 0.	 0.
0.00662	 0.	 0.	 0.	0.0130459	 0.	 0.
0.00663	 0.	 0.	 0.	0.0128668	 0.	 0.
0.00664	 0.	 0.	 0.	0.0126902	 0.	 0.
0.00665	 0.	 0.	 0.	0.012516	 0.	 0.
0.00666	 0.	 0.	 0.	0.0123441	 0.	 0.
0.00667	 0.	 0.	 0.	0.0121747	 0.	 0.
0.00668	 0.	 0.	 0.	0.0120075	 0.	 0.
0.00669	 0.	 0.	 0.	0.0118427	 0.	 0.
0.0067	 0.	 0.	 0.	0.0116801	 0.	 0.
0.00671	 0.	 0.	 0.	0.0115197	 0.	 0.
0.00672	 0.	 0.	 0.	0.0113616	 0.	 0.
0.00673	 0.	 0.	 0.	0.0112056	 0.	 0.
0.00674	 0.	 0.	 0.	0.0110517	 0.	 0.
0.00675	 0.	 0.	 0.	0.0109	 0.	 0.
0.00676	 0.	 0.	 0.	0.0107523	 0.	 0.
0.00677	 0.	 0.	 0.	0.0106066	 0.	 0.
0.00678	 0.	 0.	 0.	0.0104629	 0.	 0.
0.00679	 0.	 0.	 0.	0.0103211	 0.	 0.
0.0068	 0.	 0.	 0.	0.0101813	 0.	 0.
0.00681	 0.	 0.	 0.	0.0100433	 0.	 0.
0.00682	 0.	 0.	 0.	0.00990721	 0.	 0.
0.00683	 0.	 0.	 0.	0.00977297	 0.	 0.
0.00684	 0.	 0.	 0.	0.00964054	 0.	 0.
0.00685	 0.	 0.	 0.	0.00950991	 0.	 0.
0.00686	 0.	 0.	 0.	0.00938105	 0.	 0.
0.00687	 0.	 0.	 0.	0.00925394	 0.	 0.
0.00688	 0.	 0.	 0.	0.00912855	 0.	 0.
0.00689	 0.	 0.	 0.	0.00900485	 0.	 0.
0.0069	 0.	 0.	 0.	0.00888284	 0.	 0.
0.00691	 0.	 0.	 0.	0.00876247	 0.	 0.
0.00692	 0.	 0.	 0.	0.00864374	 0.	 0.
0.00693	 0.	 0.	 0.	0.00852661	 0.	 0.
0.00694	 0.	 0.	 0.	0.00841108	 0.	 0.
0.00695	 0.	 0.	 0.	0.00829711	 0.	 0.
0.00696	 0.	 0.	 0.	0.00818468	 0.	 0.
0.00697	 0.	 0.	 0.	0.00807378	 0.	 0.
0.00698	 0.	 0.	 0.	0.00796437	 0.	 0.
0.00699	 0.	 0.	 0.	0.00785646	 0.	 0.
0.007	 0.	 0.	 0.	0.00775	 0.	 0.
0.00701	 0.	 0.	 0.	0.00758127	 0.	 0.
0.00702	 0.	 0.	 0.	0.00741621	 0.	 0.
0.00703	 0.	 0.	 0.	0.00725475	 0.	 0.
0.00704	 0.	 0.	 0.	0.0070968	 0.	 0.
0.00705	 0.	 0.	 0.	0.00694229	 0.	 0.
0.00706	 0.	 0.	 0.	0.00679115	 0.	 0.
0.00707	 0.	 0.	 0.	0.00664329	 0.	 0.
0.00708	 0.	 0.	 0.	0.00649866	 0.	 0.
0.00709	 0.	 0.	 0.	0.00635717	 0.	 0.
0.0071	 0.	 0.	 0.	0.00621876	 0.	 0.
0.00711	 0.	 0.	 0.	0.00608337	 0.	 0.
0.00712	 0.	 0.	 0.	0.00595093	 0.	 0.
0.00713	 0.	 0.	 0.	0.00582136	 0.	 0.
0.00714	 0.	 0.	 0.	0.00569462	 0.	 0.
0.00715	 0.	 0.	 0.	0.00557064	 0.	 0.
0.00716	 0.	 0.	 0.	0.00544936	 0.	 0.
0.00717	 0.	 0.	 0.	0.00533072	 0.	 0.
0.00718	 0.	 0.	 0.	0.00521466	 0.	 0.
0.00719	 0.	 0.	 0.	0.00510113	 0.	 0.
0.0072	 0.	 0.	 0.	0.00499007	 0.	 0.
0.00721	 0.	 0.	 0.	0.00488142	 0.	 0.
0.00722	 0.	 0.	 0.	0.00477515	 0.	 0.
0.00723	 0.	 0.	 0.	0.00467118	 0.	 0.
0.00724	 0.	 0.	 0.	0.00456949	 0.	 0.
0.00725	 0.	 0.	 0.	0.00447	 0.	 0.
0.00726	 0.	 0.	 0.	0.0043933	 0.	 0.
0.00727	 0.	 0.	 0.	0.00431792	 0.	 0.
0.00728	 0.	 0.	 0.	0.00424383	 0.	 0.
0.00729	 0.	 0.	 0.	0.00417102	 0.	 0.
0.0073	 0.	 0.	 0.	0.00409945	 0.	 0.
0.00731	 0.	 0.	 0.	0.00402911	 0.	 0.
0.00732	 0.	 0.	 0.	0.00395998	 0.	 0.
0.00733	 0.	 0.	 0.	0.00389203	 0.	 0.
0.00734	 0.	 0.	 0.	0.00382525	 0.	 0.
0.00735	 0.	 0.	 0.	0.00375962	 0.	 0.
0.00736	 0.	 0.	 0.	0.00369511	 0.	 0.
0.00737	 0.	 0.	 0.	0.00363171	 0.	 0.
0.00738	 0.	 0.	 0.	0.00356939	 0.	 0.
0.00739	 0.	 0.	 0.	0.00350815	 0.	 0.
0.0074	 0.	 0.	 0.	0.00344796	 0.	 0.
0.00741	 0.	 0.	 0.	0.0033888	 0.	 0.
0.00742	 0.	 0.	 0.	0.00333065	 0.	 0.
0.00743	 0.	 0.	 0.	0.0032735	 0.	 0.
0.00744	 0.	 0.	 0.	0.00321734	 0.	 0.
0.00745	 0.	 0.	 0.	0.00316213	 0.	 0.
0.00746	 0.	 0.	 0.	0.00310787	 0.	 0.
0.00747	 0.	 0.	 0.	0.00305455	 0.	 0.
0.00748	 0.	 0.	 0.	0.00300214	 0.	 0.
0.00749	 0.	 0.	 0.	0.00295063	 0.	 0.
0.0075	 0.	 0.	 0.	0.0029	 0.	 0.
0.00751	 0.	 0.	 0.	0.00284393	 0.	 0.
0.00752	 0.	 0.	 0.	0.00278894	 0.	 0.
0.00753	 0.	 0.	 0.	0.00273502	 0.	 0.
0.00754	 0.	 0.	 0.	0.00268214	 0.	 0.
0.00755	 0.	 0.	 0.	0.00263028	 0.	 0.
0.00756	 0.	 0.	 0.	0.00257943	 0.	 0.
0.00757	 0.	 0.	 0.	0.00252956	 0.	 0.
0.00758	 0.	 0.	 0.	0.00248065	 0.	 0.
0.00759	 0.	 0.	 0.	0.00243269	 0.	 0.
0.0076	 0.	 0.	 0.	0.00238565	 0.	 0.
0.00761	 0.	 0.	 0.	0.00233952	 0.	 0.
0.00762	 0.	 0.	 0.	0.00229429	 0.	 0.
0.00763	 0.	 0.	 0.	0.00224993	 0.	 0.
0.00764	 0.	 0.	 0.	0.00220643	 0.	 0.
0.00765	 0.	 0.	 0.	0.00216377	 0.	 0.
0.00766	 0.	 0.	 0.	0.00212194	 0.	 0.
0.00767	 0.	 0.	 0.	0.00208091	 0.	 0.
0.00768	 0.	 0.	 0.	0.00204067	 0.	 0.
0.00769	 0.	 0.	 0.	0.00200122	 0.	 0.
0.0077	 0.	 0.	 0.	0.00196253	 0.	 0.
0.00771	 0.	 0.	 0.	0.00192458	 0.	 0.
0.00772	 0.	 0.	 0.	0.00188737	 0.	 0.
0.00773	 0.	 0.	 0.	0.00185088	 0.	 0.
0.00774	 0.	 0.	 0.	0.00181509	 0.	 0.
0.00775	 0.	 0.	 0.	0.00178	 0.	 0.
0.00776	 0.	 0.	 0.	0.00174347	 0.	 0.
0.00777	 0.	 0.	 0.	0.0017077	 0.	 0.
0.00778	 0.	 0.	 0.	0.00167265	 0.	 0.
0.00779	 0.	 0.	 0.	0.00163833	 0.	 0.
0.0078	 0.	 0.	 0.	0.00160471	 0.	 0.
0.00781	 0.	 0.	 0.	0.00157178	 0.	 0.
0.00782	 0.	 0.	 0.	0.00153953	 0.	 0.
0.00783	 0.	 0.	 0.	0.00150794	 0.	 0.
0.00784	 0.	 0.	 0.	0.00147699	 0.	 0.
0.00785	 0.	 0.	 0.	0.00144669	 0.	 0.
0.00786	 0.	 0.	 0.	0.001417	 0.	 0.
0.00787	 0.	 0.	 0.	0.00138792	 0.	 0.
0.00788	 0.	 0.	 0.	0.00135944	 0.	 0.
0.00789	 0.	 0.	 0.	0.00133155	 0.	 0.
0.0079	 0.	 0.	 0.	0.00130422	 0.	 0.
0.00791	 0.	 0.	 0.	0.00127746	 0.	 0.
0.00792	 0.	 0.	 0.	0.00125125	 0.	 0.
0.00793	 0.	 0.	 0.	0.00122557	 0.	 0.
0.00794	 0.	 0.	 0.	0.00120042	 0.	 0.
0.00795	 0.	 0.	 0.	0.00117579	 0.	 0.
0.00796	 0.	 0.	 0.	0.00115166	 0.	 0.
0.00797	 0.	 0.	 0.	0.00112803	 0.	 0.
0.00798	 0.	 0.	 0.	0.00110488	 0.	 0.
0.00799	 0.	 0.	 0.	0.00108221	 0.	 0.
0.008	 0.	 0.	 0.	0.00106	 0.	 0.
0.00801	 0.	 0.	 0.	0.00103825	 0.	 0.
0.00802	 0.	 0.	 0.	0.00101694	 0.	 0.
0.00803	 0.	 0.	 0.	0.000996075	 0.	 0.
0.00804	 0.	 0.	 0.	0.000975636	 0.	 0.
0.00805	 0.	 0.	 0.	0.000955615	 0.	 0.
0.00806	 0.	 0.	 0.	0.000936006	 0.	 0.
0.00807	 0.	 0.	 0.	0.000916799	 0.	 0.
0.00808	 0.	 0.	 0.	0.000897986	 0.	 0.
0.00809	 0.	 0.	 0.	0.000879559	 0.	 0.
0.0081	 0.	 0.	 0.	0.00086151	 0.	 0.
0.00811	 0.	 0.	 0.	0.000843831	 0.	 0.
0.00812	 0.	 0.	 0.	0.000826516	 0.	 0.
0.00813	 0.	 0.	 0.	0.000809555	 0.	 0.
0.00814	 0.	 0.	 0.	0.000792943	 0.	 0.
0.00815	 0.	 0.	 0.	0.000776672	 0.	 0.
0.00816	 0.	 0.	 0.	0.000760734	 0.	 0.
0.00817	 0.	 0.	 0.	0.000745123	 0.	 0.
0.00818	 0.	 0.	 0.	0.000729833	 0.	 0.
0.00819	 0.	 0.	 0.	0.000714857	 0.	 0.
0.0082	 0.	 0.	 0.	0.000700188	 0.	 0.
0.00821	 0.	 0.	 0.	0.00068582	 0.	 0.
0.00822	 0.	 0.	 0.	0.000671747	 0.	 0.
0.00823	 0.	 0.	 0.	0.000657962	 0.	 0.
0.00824	 0.	 0.	 0.	0.00064446	 0.	 0.
0.00825	 0.	 0.	 0.	0.000631236	 0.	 0.
0.00826	 0.	 0.	 0.	0.000618283	 0.	 0.
0.00827	 0.	 0.	 0.	0.000605595	 0.	 0.
0.00828	 0.	 0.	 0.	0.000593168	 0.	 0.
0.00829	 0.	 0.	 0.	0.000580996	 0.	 0.
0.0083	 0.	 0.	 0.	0.000569074	 0.	 0.
0.00831	 0.	 0.	 0.	0.000557397	 0.	 0.
0.00832	 0.	 0.	 0.	0.000545959	 0.	 0.
0.00833	 0.	 0.	 0.	0.000534755	 0.	 0.
0.00834	 0.	 0.	 0.	0.000523782	 0.	 0.
0.00835	 0.	 0.	 0.	0.000513034	 0.	 0.
0.00836	 0.	 0.	 0.	0.000502506	 0.	 0.
0.00837	 0.	 0.	 0.	0.000492195	 0.	 0.
0.00838	 0.	 0.	 0.	0.000482095	 0.	 0.
0.00839	 0.	 0.	 0.	0.000472202	 0.	 0.
0.0084	 0.	 0.	 0.	0.000462512	 0.	 0.
0.00841	 0.	 0.	 0.	0.000453021	 0.	 0.
0.00842	 0.	 0.	 0.	0.000443725	 0.	 0.
0.00843	 0.	 0.	 0.	0.00043462	 0.	 0.
0.00844	 0.	 0.	 0.	0.000425701	 0.	 0.
0.00845	 0.	 0.	 0.	0.000416966	 0.	 0.
0.00846	 0.	 0.	 0.	0.00040841	 0.	 0.
0.00847	 0.	 0.	 0.	0.000400029	 0.	 0.
0.00848	 0.	 0.	 0.	0.00039182	 0.	 0.
0.00849	 0.	 0.	 0.	0.00038378	 0.	 0.
0.0085	 0.	 0.	 0.	0.000375905	 0.	 0.
0.00851	 0.	 0.	 0.	0.000368191	 0.	 0.
0.00852	 0.	 0.	 0.	0.000360635	 0.	 0.
0.00853	 0.	 0.	 0.	0.000353235	 0.	 0.
0.00854	 0.	 0.	 0.	0.000345987	 0.	 0.
0.00855	 0.	 0.	 0.	0.000338887	 0.	 0.
0.00856	 0.	 0.	 0.	0.000331933	 0.	 0.
0.00857	 0.	 0.	 0.	0.000325121	 0.	 0.
0.00858	 0.	 0.	 0.	0.00031845	 0.	 0.
0.00859	 0.	 0.	 0.	0.000311915	 0.	 0.
0.0086	 0.	 0.	 0.	0.000305515	 0.	 0.
0.00861	 0.	 0.	 0.	0.000299245	 0.	 0.
0.00862	 0.	 0.	 0.	0.000293105	 0.	 0.
0.00863	 0.	 0.	 0.	0.00028709	 0.	 0.
0.00864	 0.	 0.	 0.	0.000281199	 0.	 0.
0.00865	 0.	 0.	 0.	0.000275429	 0.	 0.
0.00866	 0.	 0.	 0.	0.000269777	 0.	 0.
0.00867	 0.	 0.	 0.	0.000264241	 0.	 0.
0.00868	 0.	 0.	 0.	0.000258819	 0.	 0.
0.00869	 0.	 0.	 0.	0.000253508	 0.	 0.
0.0087	 0.	 0.	 0.	0.000248305	 0.	 0.
0.00871	 0.	 0.	 0.	0.00024321	 0.	 0.
0.00872	 0.	 0.	 0.	0.000238219	 0.	 0.
0.00873	 0.	 0.	 0.	0.000233331	 0.	 0.
0.00874	 0.	 0.	 0.	0.000228543	 0.	 0.
0.00875	 0.	 0.	 0.	0.000223853	 0.	 0.
0.00876	 0.	 0.	 0.	0.00021926	 0.	 0.
0.00877	 0.	 0.	 0.	0.00021476	 0.	 0.
0.00878	 0.	 0.	 0.	0.000210354	 0.	 0.
0.00879	 0.	 0.	 0.	0.000206037	 0.	 0.
0.0088	 0.	 0.	 0.	0.000201809	 0.	 0.
0.00881	 0.	 0.	 0.	0.000197668	 0.	 0.
0.00882	 0.	 0.	 0.	0.000193612	 0.	 0.
0.00883	 0.	 0.	 0.	0.000189639	 0.	 0.
0.00884	 0.	 0.	 0.	0.000185747	 0.	 0.
0.00885	 0.	 0.	 0.	0.000181936	 0.	 0.
0.00886	 0.	 0.	 0.	0.000178202	 0.	 0.
0.00887	 0.	 0.	 0.	0.000174546	 0.	 0.
0.00888	 0.	 0.	 0.	0.000170964	 0.	 0.
0.00889	 0.	 0.	 0.	0.000167456	 0.	 0.
0.0089	 0.	 0.	 0.	0.000164019	 0.	 0.
0.00891	 0.	 0.	 0.	0.000160654	 0.	 0.
0.00892	 0.	 0.	 0.	0.000157357	 0.	 0.
0.00893	 0.	 0.	 0.	0.000154128	 0.	 0.
0.00894	 0.	 0.	 0.	0.000150965	 0.	 0.
0.00895	 0.	 0.	 0.	0.000147867	 0.	 0.
0.00896	 0.	 0.	 0.	0.000144833	 0.	 0.
0.00897	 0.	 0.	 0.	0.000141861	 0.	 0.
0.00898	 0.	 0.	 0.	0.00013895	 0.	 0.
0.00899	 0.	 0.	 0.	0.000136099	 0.	 0.
0.009	 0.	 0.	 0.	0.000133306	 0.	 0.
0.00901	 0.	 0.	 0.	0.00013057	 0.	 0.
0.00902	 0.	 0.	 0.	0.000127891	 0.	 0.
0.00903	 0.	 0.	 0.	0.000125267	 0.	 0.
0.00904	 0.	 0.	 0.	0.000122696	 0.	 0.
0.00905	 0.	 0.	 0.	0.000120178	 0.	 0.
0.00906	 0.	 0.	 0.	0.000117712	 0.	 0.
0.00907	 0.	 0.	 0.	0.000115297	 0.	 0.
0.00908	 0.	 0.	 0.	0.000112931	 0.	 0.
0.00909	 0.	 0.	 0.	0.000110614	 0.	 0.
0.0091	 0.	 0.	 0.	0.000108344	 0.	 0.
0.00911	 0.	 0.	 0.	0.00010612	 0.	 0.
0.00912	 0.	 0.	 0.	0.000103943	 0.	 0.
0.00913	 0.	 0.	 0.	0.00010181	 0.	 0.
0.00914	 0.	 0.	 0.	0.0000997207	 0.	 0.
0.00915	 0.	 0.	 0.	0.0000976744	 0.	 0.
0.00916	 0.	 0.	 0.	0.0000956701	 0.	 0.
0.00917	 0.	 0.	 0.	0.0000937069	 0.	 0.
0.00918	 0.	 0.	 0.	0.000091784	 0.	 0.
0.00919	 0.	 0.	 0.	0.0000899006	 0.	 0.
0.0092	 0.	 0.	 0.	0.0000880558	 0.	 0.
0.00921	 0.	 0.	 0.	0.0000862489	 0.	 0.
0.00922	 0.	 0.	 0.	0.000084479	 0.	 0.
0.00923	 0.	 0.	 0.	0.0000827455	 0.	 0.
0.00924	 0.	 0.	 0.	0.0000810475	 0.	 0.
0.00925	 0.	 0.	 0.	0.0000793844	 0.	 0.
0.00926	 0.	 0.	 0.	0.0000777554	 0.	 0.
0.00927	 0.	 0.	 0.	0.0000761598	 0.	 0.
0.00928	 0.	 0.	 0.	0.000074597	 0.	 0.
0.00929	 0.	 0.	 0.	0.0000730663	 0.	 0.
0.0093	 0.	 0.	 0.	0.0000715669	 0.	 0.
0.00931	 0.	 0.	 0.	0.0000700983	 0.	 0.
0.00932	 0.	 0.	 0.	0.0000686599	 0.	 0.
0.00933	 0.	 0.	 0.	0.000067251	 0.	 0.
0.00934	 0.	 0.	 0.	0.000065871	 0.	 0.
0.00935	 0.	 0.	 0.	0.0000645193	 0.	 0.
0.00936	 0.	 0.	 0.	0.0000631953	 0.	 0.
0.00937	 0.	 0.	 0.	0.0000618985	 0.	 0.
0.00938	 0.	 0.	 0.	0.0000606284	 0.	 0.
0.00939	 0.	 0.	 0.	0.0000593842	 0.	 0.
0.0094	 0.	 0.	 0.	0.0000581657	 0.	 0.
0.00941	 0.	 0.	 0.	0.0000569721	 0.	 0.
0.00942	 0.	 0.	 0.	0.000055803	 0.	 0.
0.00943	 0.	 0.	 0.	0.0000546579	 0.	 0.
0.00944	 0.	 0.	 0.	0.0000535363	 0.	 0.
0.00945	 0.	 0.	 0.	0.0000524377	 0.	 0.
0.00946	 0.	 0.	 0.	0.0000513617	 0.	 0.
0.00947	 0.	 0.	 0.	0.0000503077	 0.	 0.
0.00948	 0.	 0.	 0.	0.0000492754	 0.	 0.
0.00949	 0.	 0.	 0.	0.0000482643	 0.	 0.
0.0095	 0.	 0.	 0.	0.0000472739	 0.	 0.
0.00951	 0.	 0.	 0.	0.0000463038	 0.	 0.
0.00952	 0.	 0.	 0.	0.0000453536	 0.	 0.
0.00953	 0.	 0.	 0.	0.0000444229	 0.	 0.
0.00954	 0.	 0.	 0.	0.0000435114	 0.	 0.
0.00955	 0.	 0.	 0.	0.0000426185	 0.	 0.
0.00956	 0.	 0.	 0.	0.000041744	 0.	 0.
0.00957	 0.	 0.	 0.	0.0000408874	 0.	 0.
0.00958	 0.	 0.	 0.	0.0000400483	 0.	 0.
0.00959	 0.	 0.	 0.	0.0000392265	 0.	 0.
0.0096	 0.	 0.	 0.	0.0000384216	 0.	 0.
0.00961	 0.	 0.	 0.	0.0000376332	 0.	 0.
0.00962	 0.	 0.	 0.	0.0000368609	 0.	 0.
0.00963	 0.	 0.	 0.	0.0000361045	 0.	 0.
0.00964	 0.	 0.	 0.	0.0000353637	 0.	 0.
0.00965	 0.	 0.	 0.	0.000034638	 0.	 0.
0.00966	 0.	 0.	 0.	0.0000339272	 0.	 0.
0.00967	 0.	 0.	 0.	0.000033231	 0.	 0.
0.00968	 0.	 0.	 0.	0.0000325491	 0.	 0.
0.00969	 0.	 0.	 0.	0.0000318812	 0.	 0.
0.0097	 0.	 0.	 0.	0.000031227	 0.	 0.
0.00971	 0.	 0.	 0.	0.0000305862	 0.	 0.
0.00972	 0.	 0.	 0.	0.0000299585	 0.	 0.
0.00973	 0.	 0.	 0.	0.0000293438	 0.	 0.
0.00974	 0.	 0.	 0.	0.0000287416	 0.	 0.
0.00975	 0.	 0.	 0.	0.0000281518	 0.	 0.
0.00976	 0.	 0.	 0.	0.0000275742	 0.	 0.
0.00977	 0.	 0.	 0.	0.0000270083	 0.	 0.
0.00978	 0.	 0.	 0.	0.0000264541	 0.	 0.
0.00979	 0.	 0.	 0.	0.0000259113	 0.	 0.
0.0098	 0.	 0.	 0.	0.0000253796	 0.	 0.
0.00981	 0.	 0.	 0.	0.0000248588	 0.	 0.
0.00982	 0.	 0.	 0.	0.0000243487	 0.	 0.
0.00983	 0.	 0.	 0.	0.000023849	 0.	 0.
0.00984	 0.	 0.	 0.	0.0000233596	 0.	 0.
0.00985	 0.	 0.	 0.	0.0000228803	 0.	 0.
0.00986	 0.	 0.	 0.	0.0000224108	 0.	 0.
0.00987	 0.	 0.	 0.	0.0000219509	 0.	 0.
0.00988	 0.	 0.	 0.	0.0000215005	 0.	 0.
0.00989	 0.	 0.	 0.	0.0000210593	 0.	 0.
0.0099	 0.	 0.	 0.	0.0000206271	 0.	 0.
0.00991	 0.	 0.	 0.	0.0000202038	 0.	 0.
0.00992	 0.	 0.	 0.	0.0000197892	 0.	 0.
0.00993	 0.	 0.	 0.	0.0000193832	 0.	 0.
0.00994	 0.	 0.	 0.	0.0000189854	 0.	 0.
0.00995	 0.	 0.	 0.	0.0000185958	 0.	 0.
0.00996	 0.	 0.	 0.	0.0000182142	 0.	 0.
0.00997	 0.	 0.	 0.	0.0000178405	 0.	 0.
0.00998	 0.	 0.	 0.	0.0000174744	 0.	 0.
0.00999	 0.	 0.	 0.	0.0000171158	 0.	 0.
0.01	 0.	 0.	 0.	0.0000167646	 0.	 0.
