0.00001	 0.	 0.	 0.	4.88165	 0.	 0.
0.00002	 0.	 0.	 0.	4.84968	 0.	 0.
0.00003	 0.	 0.	 0.	4.81791	 0.	 0.
0.00004	 0.	 0.	 0.	4.78635	 0.	 0.
0.00005	 0.	 0.	 0.	4.75499	 0.	 0.
0.00006	 0.	 0.	 0.	4.72385	 0.	 0.
0.00007	 0.	 0.	 0.	4.6929	 0.	 0.
0.00008	 0.	 0.	 0.	4.66216	 0.	 0.
0.00009	 0.	 0.	 0.	4.63162	 0.	 0.
0.0001	 0.	 0.	 0.	4.60128	 0.	 0.
0.00011	 0.	 0.	 0.	4.57114	 0.	 0.
0.00012	 0.	 0.	 0.	4.5412	 0.	 0.
0.00013	 0.	 0.	 0.	4.51145	 0.	 0.
0.00014	 0.	 0.	 0.	4.4819	 0.	 0.
0.00015	 0.	 0.	 0.	4.45254	 0.	 0.
0.00016	 0.	 0.	 0.	4.42337	 0.	 0.
0.00017	 0.	 0.	 0.	4.3944	 0.	 0.
0.00018	 0.	 0.	 0.	4.36561	 0.	 0.
0.00019	 0.	 0.	 0.	4.33701	 0.	 0.
0.0002	 0.	 0.	 0.	4.3086	 0.	 0.
0.00021	 0.	 0.	 0.	4.28038	 0.	 0.
0.00022	 0.	 0.	 0.	4.25234	 0.	 0.
0.00023	 0.	 0.	 0.	4.22448	 0.	 0.
0.00024	 0.	 0.	 0.	4.19681	 0.	 0.
0.00025	 0.	 0.	 0.	4.16932	 0.	 0.
0.00026	 0.	 0.	 0.	4.14201	 0.	 0.
0.00027	 0.	 0.	 0.	4.11488	 0.	 0.
0.00028	 0.	 0.	 0.	4.08792	 0.	 0.
0.00029	 0.	 0.	 0.	4.06114	 0.	 0.
0.0003	 0.	 0.	 0.	4.03454	 0.	 0.
0.00031	 0.	 0.	 0.	4.00811	 0.	 0.
0.00032	 0.	 0.	 0.	3.98186	 0.	 0.
0.00033	 0.	 0.	 0.	3.95577	 0.	 0.
0.00034	 0.	 0.	 0.	3.92986	 0.	 0.
0.00035	 0.	 0.	 0.	3.90412	 0.	 0.
0.00036	 0.	 0.	 0.	3.87854	 0.	 0.
0.00037	 0.	 0.	 0.	3.85314	 0.	 0.
0.00038	 0.	 0.	 0.	3.8279	 0.	 0.
0.00039	 0.	 0.	 0.	3.80282	 0.	 0.
0.0004	 0.	 0.	 0.	3.77791	 0.	 0.
0.00041	 0.	 0.	 0.	3.75316	 0.	 0.
0.00042	 0.	 0.	 0.	3.72858	 0.	 0.
0.00043	 0.	 0.	 0.	3.70415	 0.	 0.
0.00044	 0.	 0.	 0.	3.67989	 0.	 0.
0.00045	 0.	 0.	 0.	3.65578	 0.	 0.
0.00046	 0.	 0.	 0.	3.63184	 0.	 0.
0.00047	 0.	 0.	 0.	3.60805	 0.	 0.
0.00048	 0.	 0.	 0.	3.58441	 0.	 0.
0.00049	 0.	 0.	 0.	3.56093	 0.	 0.
0.0005	 0.	 0.	 0.	3.53761	 0.	 0.
0.00051	 0.	 0.	 0.	3.51443	 0.	 0.
0.00052	 0.	 0.	 0.	3.49141	 0.	 0.
0.00053	 0.	 0.	 0.	3.46854	 0.	 0.
0.00054	 0.	 0.	 0.	3.44582	 0.	 0.
0.00055	 0.	 0.	 0.	3.42325	 0.	 0.
0.00056	 0.	 0.	 0.	3.40082	 0.	 0.
0.00057	 0.	 0.	 0.	3.37855	 0.	 0.
0.00058	 0.	 0.	 0.	3.35641	 0.	 0.
0.00059	 0.	 0.	 0.	3.33443	 0.	 0.
0.0006	 0.	 0.	 0.	3.31258	 0.	 0.
0.00061	 0.	 0.	 0.	3.29089	 0.	 0.
0.00062	 0.	 0.	 0.	3.26933	 0.	 0.
0.00063	 0.	 0.	 0.	3.24791	 0.	 0.
0.00064	 0.	 0.	 0.	3.22664	 0.	 0.
0.00065	 0.	 0.	 0.	3.2055	 0.	 0.
0.00066	 0.	 0.	 0.	3.1845	 0.	 0.
0.00067	 0.	 0.	 0.	3.16364	 0.	 0.
0.00068	 0.	 0.	 0.	3.14292	 0.	 0.
0.00069	 0.	 0.	 0.	3.12233	 0.	 0.
0.0007	 0.	 0.	 0.	3.10188	 0.	 0.
0.00071	 0.	 0.	 0.	3.08156	 0.	 0.
0.00072	 0.	 0.	 0.	3.06137	 0.	 0.
0.00073	 0.	 0.	 0.	3.04132	 0.	 0.
0.00074	 0.	 0.	 0.	3.0214	 0.	 0.
0.00075	 0.	 0.	 0.	3.0016	 0.	 0.
0.00076	 0.	 0.	 0.	2.98194	 0.	 0.
0.00077	 0.	 0.	 0.	2.96241	 0.	 0.
0.00078	 0.	 0.	 0.	2.943	 0.	 0.
0.00079	 0.	 0.	 0.	2.92373	 0.	 0.
0.0008	 0.	 0.	 0.	2.90457	 0.	 0.
0.00081	 0.	 0.	 0.	2.88555	 0.	 0.
0.00082	 0.	 0.	 0.	2.86664	 0.	 0.
0.00083	 0.	 0.	 0.	2.84787	 0.	 0.
0.00084	 0.	 0.	 0.	2.82921	 0.	 0.
0.00085	 0.	 0.	 0.	2.81068	 0.	 0.
0.00086	 0.	 0.	 0.	2.79227	 0.	 0.
0.00087	 0.	 0.	 0.	2.77398	 0.	 0.
0.00088	 0.	 0.	 0.	2.7558	 0.	 0.
0.00089	 0.	 0.	 0.	2.73775	 0.	 0.
0.0009	 0.	 0.	 0.	2.71982	 0.	 0.
0.00091	 0.	 0.	 0.	2.702	 0.	 0.
0.00092	 0.	 0.	 0.	2.6843	 0.	 0.
0.00093	 0.	 0.	 0.	2.66672	 0.	 0.
0.00094	 0.	 0.	 0.	2.64925	 0.	 0.
0.00095	 0.	 0.	 0.	2.6319	 0.	 0.
0.00096	 0.	 0.	 0.	2.61466	 0.	 0.
0.00097	 0.	 0.	 0.	2.59753	 0.	 0.
0.00098	 0.	 0.	 0.	2.58051	 0.	 0.
0.00099	 0.	 0.	 0.	2.56361	 0.	 0.
0.001	 0.	 0.	 0.	2.54682	 0.	 0.
0.00101	 0.	 0.	 0.	2.53013	 0.	 0.
0.00102	 0.	 0.	 0.	2.51356	 0.	 0.
0.00103	 0.	 0.	 0.	2.49709	 0.	 0.
0.00104	 0.	 0.	 0.	2.48074	 0.	 0.
0.00105	 0.	 0.	 0.	2.46449	 0.	 0.
0.00106	 0.	 0.	 0.	2.44834	 0.	 0.
0.00107	 0.	 0.	 0.	2.4323	 0.	 0.
0.00108	 0.	 0.	 0.	2.41637	 0.	 0.
0.00109	 0.	 0.	 0.	2.40054	 0.	 0.
0.0011	 0.	 0.	 0.	2.38482	 0.	 0.
0.00111	 0.	 0.	 0.	2.3692	 0.	 0.
0.00112	 0.	 0.	 0.	2.35368	 0.	 0.
0.00113	 0.	 0.	 0.	2.33826	 0.	 0.
0.00114	 0.	 0.	 0.	2.32294	 0.	 0.
0.00115	 0.	 0.	 0.	2.30772	 0.	 0.
0.00116	 0.	 0.	 0.	2.29261	 0.	 0.
0.00117	 0.	 0.	 0.	2.27759	 0.	 0.
0.00118	 0.	 0.	 0.	2.26267	 0.	 0.
0.00119	 0.	 0.	 0.	2.24785	 0.	 0.
0.0012	 0.	 0.	 0.	2.23312	 0.	 0.
0.00121	 0.	 0.	 0.	2.2185	 0.	 0.
0.00122	 0.	 0.	 0.	2.20396	 0.	 0.
0.00123	 0.	 0.	 0.	2.18953	 0.	 0.
0.00124	 0.	 0.	 0.	2.17518	 0.	 0.
0.00125	 0.	 0.	 0.	2.16093	 0.	 0.
0.00126	 0.	 0.	 0.	2.14678	 0.	 0.
0.00127	 0.	 0.	 0.	2.13272	 0.	 0.
0.00128	 0.	 0.	 0.	2.11875	 0.	 0.
0.00129	 0.	 0.	 0.	2.10487	 0.	 0.
0.0013	 0.	 0.	 0.	2.09108	 0.	 0.
0.00131	 0.	 0.	 0.	2.07738	 0.	 0.
0.00132	 0.	 0.	 0.	2.06377	 0.	 0.
0.00133	 0.	 0.	 0.	2.05025	 0.	 0.
0.00134	 0.	 0.	 0.	2.03682	 0.	 0.
0.00135	 0.	 0.	 0.	2.02348	 0.	 0.
0.00136	 0.	 0.	 0.	2.01023	 0.	 0.
0.00137	 0.	 0.	 0.	1.99706	 0.	 0.
0.00138	 0.	 0.	 0.	1.98398	 0.	 0.
0.00139	 0.	 0.	 0.	1.97098	 0.	 0.
0.0014	 0.	 0.	 0.	1.95807	 0.	 0.
0.00141	 0.	 0.	 0.	1.94524	 0.	 0.
0.00142	 0.	 0.	 0.	1.9325	 0.	 0.
0.00143	 0.	 0.	 0.	1.91984	 0.	 0.
0.00144	 0.	 0.	 0.	1.90727	 0.	 0.
0.00145	 0.	 0.	 0.	1.89477	 0.	 0.
0.00146	 0.	 0.	 0.	1.88236	 0.	 0.
0.00147	 0.	 0.	 0.	1.87003	 0.	 0.
0.00148	 0.	 0.	 0.	1.85778	 0.	 0.
0.00149	 0.	 0.	 0.	1.84561	 0.	 0.
0.0015	 0.	 0.	 0.	1.83352	 0.	 0.
0.00151	 0.	 0.	 0.	1.82151	 0.	 0.
0.00152	 0.	 0.	 0.	1.80958	 0.	 0.
0.00153	 0.	 0.	 0.	1.79772	 0.	 0.
0.00154	 0.	 0.	 0.	1.78595	 0.	 0.
0.00155	 0.	 0.	 0.	1.77425	 0.	 0.
0.00156	 0.	 0.	 0.	1.76263	 0.	 0.
0.00157	 0.	 0.	 0.	1.75108	 0.	 0.
0.00158	 0.	 0.	 0.	1.73961	 0.	 0.
0.00159	 0.	 0.	 0.	1.72821	 0.	 0.
0.0016	 0.	 0.	 0.	1.71689	 0.	 0.
0.00161	 0.	 0.	 0.	1.70565	 0.	 0.
0.00162	 0.	 0.	 0.	1.69447	 0.	 0.
0.00163	 0.	 0.	 0.	1.68337	 0.	 0.
0.00164	 0.	 0.	 0.	1.67235	 0.	 0.
0.00165	 0.	 0.	 0.	1.66139	 0.	 0.
0.00166	 0.	 0.	 0.	1.65051	 0.	 0.
0.00167	 0.	 0.	 0.	1.6397	 0.	 0.
0.00168	 0.	 0.	 0.	1.62896	 0.	 0.
0.00169	 0.	 0.	 0.	1.61829	 0.	 0.
0.0017	 0.	 0.	 0.	1.60769	 0.	 0.
0.00171	 0.	 0.	 0.	1.59715	 0.	 0.
0.00172	 0.	 0.	 0.	1.58669	 0.	 0.
0.00173	 0.	 0.	 0.	1.5763	 0.	 0.
0.00174	 0.	 0.	 0.	1.56597	 0.	 0.
0.00175	 0.	 0.	 0.	1.55571	 0.	 0.
0.00176	 0.	 0.	 0.	1.54552	 0.	 0.
0.00177	 0.	 0.	 0.	1.5354	 0.	 0.
0.00178	 0.	 0.	 0.	1.52534	 0.	 0.
0.00179	 0.	 0.	 0.	1.51535	 0.	 0.
0.0018	 0.	 0.	 0.	1.50542	 0.	 0.
0.00181	 0.	 0.	 0.	1.49556	 0.	 0.
0.00182	 0.	 0.	 0.	1.48577	 0.	 0.
0.00183	 0.	 0.	 0.	1.47603	 0.	 0.
0.00184	 0.	 0.	 0.	1.46636	 0.	 0.
0.00185	 0.	 0.	 0.	1.45676	 0.	 0.
0.00186	 0.	 0.	 0.	1.44722	 0.	 0.
0.00187	 0.	 0.	 0.	1.43774	 0.	 0.
0.00188	 0.	 0.	 0.	1.42832	 0.	 0.
0.00189	 0.	 0.	 0.	1.41896	 0.	 0.
0.0019	 0.	 0.	 0.	1.40967	 0.	 0.
0.00191	 0.	 0.	 0.	1.40043	 0.	 0.
0.00192	 0.	 0.	 0.	1.39126	 0.	 0.
0.00193	 0.	 0.	 0.	1.38214	 0.	 0.
0.00194	 0.	 0.	 0.	1.37309	 0.	 0.
0.00195	 0.	 0.	 0.	1.3641	 0.	 0.
0.00196	 0.	 0.	 0.	1.35516	 0.	 0.
0.00197	 0.	 0.	 0.	1.34628	 0.	 0.
0.00198	 0.	 0.	 0.	1.33746	 0.	 0.
0.00199	 0.	 0.	 0.	1.3287	 0.	 0.
0.002	 0.	 0.	 0.	1.32	 0.	 0.
0.00201	 0.	 0.	 0.	1.31135	 0.	 0.
0.00202	 0.	 0.	 0.	1.30276	 0.	 0.
0.00203	 0.	 0.	 0.	1.29423	 0.	 0.
0.00204	 0.	 0.	 0.	1.28575	 0.	 0.
0.00205	 0.	 0.	 0.	1.27733	 0.	 0.
0.00206	 0.	 0.	 0.	1.26896	 0.	 0.
0.00207	 0.	 0.	 0.	1.26065	 0.	 0.
0.00208	 0.	 0.	 0.	1.25239	 0.	 0.
0.00209	 0.	 0.	 0.	1.24419	 0.	 0.
0.0021	 0.	 0.	 0.	1.23604	 0.	 0.
0.00211	 0.	 0.	 0.	1.22794	 0.	 0.
0.00212	 0.	 0.	 0.	1.2199	 0.	 0.
0.00213	 0.	 0.	 0.	1.21191	 0.	 0.
0.00214	 0.	 0.	 0.	1.20397	 0.	 0.
0.00215	 0.	 0.	 0.	1.19608	 0.	 0.
0.00216	 0.	 0.	 0.	1.18825	 0.	 0.
0.00217	 0.	 0.	 0.	1.18046	 0.	 0.
0.00218	 0.	 0.	 0.	1.17273	 0.	 0.
0.00219	 0.	 0.	 0.	1.16505	 0.	 0.
0.0022	 0.	 0.	 0.	1.15742	 0.	 0.
0.00221	 0.	 0.	 0.	1.14983	 0.	 0.
0.00222	 0.	 0.	 0.	1.1423	 0.	 0.
0.00223	 0.	 0.	 0.	1.13482	 0.	 0.
0.00224	 0.	 0.	 0.	1.12739	 0.	 0.
0.00225	 0.	 0.	 0.	1.12	 0.	 0.
0.00226	 0.	 0.	 0.	1.11098	 0.	 0.
0.00227	 0.	 0.	 0.	1.10203	 0.	 0.
0.00228	 0.	 0.	 0.	1.09316	 0.	 0.
0.00229	 0.	 0.	 0.	1.08435	 0.	 0.
0.0023	 0.	 0.	 0.	1.07562	 0.	 0.
0.00231	 0.	 0.	 0.	1.06696	 0.	 0.
0.00232	 0.	 0.	 0.	1.05836	 0.	 0.
0.00233	 0.	 0.	 0.	1.04984	 0.	 0.
0.00234	 0.	 0.	 0.	1.04138	 0.	 0.
0.00235	 0.	 0.	 0.	1.033	 0.	 0.
0.00236	 0.	 0.	 0.	1.02468	 0.	 0.
0.00237	 0.	 0.	 0.	1.01643	 0.	 0.
0.00238	 0.	 0.	 0.	1.00824	 0.	 0.
0.00239	 0.	 0.	 0.	1.00012	 0.	 0.
0.0024	 0.	 0.	 0.	0.992064	 0.	 0.
0.00241	 0.	 0.	 0.	0.984075	 0.	 0.
0.00242	 0.	 0.	 0.	0.976149	 0.	 0.
0.00243	 0.	 0.	 0.	0.968287	 0.	 0.
0.00244	 0.	 0.	 0.	0.960489	 0.	 0.
0.00245	 0.	 0.	 0.	0.952753	 0.	 0.
0.00246	 0.	 0.	 0.	0.94508	 0.	 0.
0.00247	 0.	 0.	 0.	0.937469	 0.	 0.
0.00248	 0.	 0.	 0.	0.929918	 0.	 0.
0.00249	 0.	 0.	 0.	0.922429	 0.	 0.
0.0025	 0.	 0.	 0.	0.915	 0.	 0.
0.00251	 0.	 0.	 0.	0.908707	 0.	 0.
0.00252	 0.	 0.	 0.	0.902457	 0.	 0.
0.00253	 0.	 0.	 0.	0.896251	 0.	 0.
0.00254	 0.	 0.	 0.	0.890087	 0.	 0.
0.00255	 0.	 0.	 0.	0.883965	 0.	 0.
0.00256	 0.	 0.	 0.	0.877885	 0.	 0.
0.00257	 0.	 0.	 0.	0.871848	 0.	 0.
0.00258	 0.	 0.	 0.	0.865851	 0.	 0.
0.00259	 0.	 0.	 0.	0.859896	 0.	 0.
0.0026	 0.	 0.	 0.	0.853982	 0.	 0.
0.00261	 0.	 0.	 0.	0.848109	 0.	 0.
0.00262	 0.	 0.	 0.	0.842276	 0.	 0.
0.00263	 0.	 0.	 0.	0.836483	 0.	 0.
0.00264	 0.	 0.	 0.	0.83073	 0.	 0.
0.00265	 0.	 0.	 0.	0.825017	 0.	 0.
0.00266	 0.	 0.	 0.	0.819343	 0.	 0.
0.00267	 0.	 0.	 0.	0.813708	 0.	 0.
0.00268	 0.	 0.	 0.	0.808111	 0.	 0.
0.00269	 0.	 0.	 0.	0.802554	 0.	 0.
0.0027	 0.	 0.	 0.	0.797034	 0.	 0.
0.00271	 0.	 0.	 0.	0.791552	 0.	 0.
0.00272	 0.	 0.	 0.	0.786108	 0.	 0.
0.00273	 0.	 0.	 0.	0.780702	 0.	 0.
0.00274	 0.	 0.	 0.	0.775332	 0.	 0.
0.00275	 0.	 0.	 0.	0.77	 0.	 0.
0.00276	 0.	 0.	 0.	0.764847	 0.	 0.
0.00277	 0.	 0.	 0.	0.759728	 0.	 0.
0.00278	 0.	 0.	 0.	0.754643	 0.	 0.
0.00279	 0.	 0.	 0.	0.749592	 0.	 0.
0.0028	 0.	 0.	 0.	0.744576	 0.	 0.
0.00281	 0.	 0.	 0.	0.739592	 0.	 0.
0.00282	 0.	 0.	 0.	0.734642	 0.	 0.
0.00283	 0.	 0.	 0.	0.729726	 0.	 0.
0.00284	 0.	 0.	 0.	0.724842	 0.	 0.
0.00285	 0.	 0.	 0.	0.719991	 0.	 0.
0.00286	 0.	 0.	 0.	0.715172	 0.	 0.
0.00287	 0.	 0.	 0.	0.710385	 0.	 0.
0.00288	 0.	 0.	 0.	0.705631	 0.	 0.
0.00289	 0.	 0.	 0.	0.700908	 0.	 0.
0.0029	 0.	 0.	 0.	0.696217	 0.	 0.
0.00291	 0.	 0.	 0.	0.691558	 0.	 0.
0.00292	 0.	 0.	 0.	0.686929	 0.	 0.
0.00293	 0.	 0.	 0.	0.682332	 0.	 0.
0.00294	 0.	 0.	 0.	0.677765	 0.	 0.
0.00295	 0.	 0.	 0.	0.673229	 0.	 0.
0.00296	 0.	 0.	 0.	0.668723	 0.	 0.
0.00297	 0.	 0.	 0.	0.664248	 0.	 0.
0.00298	 0.	 0.	 0.	0.659802	 0.	 0.
0.00299	 0.	 0.	 0.	0.655386	 0.	 0.
0.003	 0.	 0.	 0.	0.651	 0.	 0.
0.00301	 0.	 0.	 0.	0.646765	 0.	 0.
0.00302	 0.	 0.	 0.	0.642558	 0.	 0.
0.00303	 0.	 0.	 0.	0.638379	 0.	 0.
0.00304	 0.	 0.	 0.	0.634226	 0.	 0.
0.00305	 0.	 0.	 0.	0.6301	 0.	 0.
0.00306	 0.	 0.	 0.	0.626002	 0.	 0.
0.00307	 0.	 0.	 0.	0.62193	 0.	 0.
0.00308	 0.	 0.	 0.	0.617884	 0.	 0.
0.00309	 0.	 0.	 0.	0.613865	 0.	 0.
0.0031	 0.	 0.	 0.	0.609872	 0.	 0.
0.00311	 0.	 0.	 0.	0.605905	 0.	 0.
0.00312	 0.	 0.	 0.	0.601964	 0.	 0.
0.00313	 0.	 0.	 0.	0.598048	 0.	 0.
0.00314	 0.	 0.	 0.	0.594158	 0.	 0.
0.00315	 0.	 0.	 0.	0.590293	 0.	 0.
0.00316	 0.	 0.	 0.	0.586453	 0.	 0.
0.00317	 0.	 0.	 0.	0.582638	 0.	 0.
0.00318	 0.	 0.	 0.	0.578848	 0.	 0.
0.00319	 0.	 0.	 0.	0.575083	 0.	 0.
0.0032	 0.	 0.	 0.	0.571342	 0.	 0.
0.00321	 0.	 0.	 0.	0.567626	 0.	 0.
0.00322	 0.	 0.	 0.	0.563933	 0.	 0.
0.00323	 0.	 0.	 0.	0.560265	 0.	 0.
0.00324	 0.	 0.	 0.	0.556621	 0.	 0.
0.00325	 0.	 0.	 0.	0.553	 0.	 0.
0.00326	 0.	 0.	 0.	0.548654	 0.	 0.
0.00327	 0.	 0.	 0.	0.544342	 0.	 0.
0.00328	 0.	 0.	 0.	0.540063	 0.	 0.
0.00329	 0.	 0.	 0.	0.535819	 0.	 0.
0.0033	 0.	 0.	 0.	0.531608	 0.	 0.
0.00331	 0.	 0.	 0.	0.52743	 0.	 0.
0.00332	 0.	 0.	 0.	0.523284	 0.	 0.
0.00333	 0.	 0.	 0.	0.519172	 0.	 0.
0.00334	 0.	 0.	 0.	0.515091	 0.	 0.
0.00335	 0.	 0.	 0.	0.511043	 0.	 0.
0.00336	 0.	 0.	 0.	0.507026	 0.	 0.
0.00337	 0.	 0.	 0.	0.503042	 0.	 0.
0.00338	 0.	 0.	 0.	0.499088	 0.	 0.
0.00339	 0.	 0.	 0.	0.495165	 0.	 0.
0.0034	 0.	 0.	 0.	0.491274	 0.	 0.
0.00341	 0.	 0.	 0.	0.487413	 0.	 0.
0.00342	 0.	 0.	 0.	0.483582	 0.	 0.
0.00343	 0.	 0.	 0.	0.479781	 0.	 0.
0.00344	 0.	 0.	 0.	0.47601	 0.	 0.
0.00345	 0.	 0.	 0.	0.472269	 0.	 0.
0.00346	 0.	 0.	 0.	0.468558	 0.	 0.
0.00347	 0.	 0.	 0.	0.464875	 0.	 0.
0.00348	 0.	 0.	 0.	0.461221	 0.	 0.
0.00349	 0.	 0.	 0.	0.457596	 0.	 0.
0.0035	 0.	 0.	 0.	0.454	 0.	 0.
0.00351	 0.	 0.	 0.	0.450005	 0.	 0.
0.00352	 0.	 0.	 0.	0.446046	 0.	 0.
0.00353	 0.	 0.	 0.	0.442121	 0.	 0.
0.00354	 0.	 0.	 0.	0.438231	 0.	 0.
0.00355	 0.	 0.	 0.	0.434375	 0.	 0.
0.00356	 0.	 0.	 0.	0.430553	 0.	 0.
0.00357	 0.	 0.	 0.	0.426765	 0.	 0.
0.00358	 0.	 0.	 0.	0.42301	 0.	 0.
0.00359	 0.	 0.	 0.	0.419288	 0.	 0.
0.0036	 0.	 0.	 0.	0.415599	 0.	 0.
0.00361	 0.	 0.	 0.	0.411942	 0.	 0.
0.00362	 0.	 0.	 0.	0.408317	 0.	 0.
0.00363	 0.	 0.	 0.	0.404725	 0.	 0.
0.00364	 0.	 0.	 0.	0.401163	 0.	 0.
0.00365	 0.	 0.	 0.	0.397634	 0.	 0.
0.00366	 0.	 0.	 0.	0.394135	 0.	 0.
0.00367	 0.	 0.	 0.	0.390667	 0.	 0.
0.00368	 0.	 0.	 0.	0.38723	 0.	 0.
0.00369	 0.	 0.	 0.	0.383823	 0.	 0.
0.0037	 0.	 0.	 0.	0.380445	 0.	 0.
0.00371	 0.	 0.	 0.	0.377098	 0.	 0.
0.00372	 0.	 0.	 0.	0.37378	 0.	 0.
0.00373	 0.	 0.	 0.	0.370491	 0.	 0.
0.00374	 0.	 0.	 0.	0.367231	 0.	 0.
0.00375	 0.	 0.	 0.	0.364	 0.	 0.
0.00376	 0.	 0.	 0.	0.360904	 0.	 0.
0.00377	 0.	 0.	 0.	0.357834	 0.	 0.
0.00378	 0.	 0.	 0.	0.35479	 0.	 0.
0.00379	 0.	 0.	 0.	0.351772	 0.	 0.
0.0038	 0.	 0.	 0.	0.348779	 0.	 0.
0.00381	 0.	 0.	 0.	0.345812	 0.	 0.
0.00382	 0.	 0.	 0.	0.342871	 0.	 0.
0.00383	 0.	 0.	 0.	0.339954	 0.	 0.
0.00384	 0.	 0.	 0.	0.337062	 0.	 0.
0.00385	 0.	 0.	 0.	0.334195	 0.	 0.
0.00386	 0.	 0.	 0.	0.331352	 0.	 0.
0.00387	 0.	 0.	 0.	0.328533	 0.	 0.
0.00388	 0.	 0.	 0.	0.325739	 0.	 0.
0.00389	 0.	 0.	 0.	0.322968	 0.	 0.
0.0039	 0.	 0.	 0.	0.32022	 0.	 0.
0.00391	 0.	 0.	 0.	0.317496	 0.	 0.
0.00392	 0.	 0.	 0.	0.314796	 0.	 0.
0.00393	 0.	 0.	 0.	0.312118	 0.	 0.
0.00394	 0.	 0.	 0.	0.309463	 0.	 0.
0.00395	 0.	 0.	 0.	0.30683	 0.	 0.
0.00396	 0.	 0.	 0.	0.30422	 0.	 0.
0.00397	 0.	 0.	 0.	0.301632	 0.	 0.
0.00398	 0.	 0.	 0.	0.299066	 0.	 0.
0.00399	 0.	 0.	 0.	0.296522	 0.	 0.
0.004	 0.	 0.	 0.	0.294	 0.	 0.
0.00401	 0.	 0.	 0.	0.291127	 0.	 0.
0.00402	 0.	 0.	 0.	0.288282	 0.	 0.
0.00403	 0.	 0.	 0.	0.285465	 0.	 0.
0.00404	 0.	 0.	 0.	0.282676	 0.	 0.
0.00405	 0.	 0.	 0.	0.279913	 0.	 0.
0.00406	 0.	 0.	 0.	0.277178	 0.	 0.
0.00407	 0.	 0.	 0.	0.274469	 0.	 0.
0.00408	 0.	 0.	 0.	0.271787	 0.	 0.
0.00409	 0.	 0.	 0.	0.269131	 0.	 0.
0.0041	 0.	 0.	 0.	0.266501	 0.	 0.
0.00411	 0.	 0.	 0.	0.263897	 0.	 0.
0.00412	 0.	 0.	 0.	0.261318	 0.	 0.
0.00413	 0.	 0.	 0.	0.258765	 0.	 0.
0.00414	 0.	 0.	 0.	0.256236	 0.	 0.
0.00415	 0.	 0.	 0.	0.253732	 0.	 0.
0.00416	 0.	 0.	 0.	0.251253	 0.	 0.
0.00417	 0.	 0.	 0.	0.248798	 0.	 0.
0.00418	 0.	 0.	 0.	0.246366	 0.	 0.
0.00419	 0.	 0.	 0.	0.243959	 0.	 0.
0.0042	 0.	 0.	 0.	0.241575	 0.	 0.
0.00421	 0.	 0.	 0.	0.239214	 0.	 0.
0.00422	 0.	 0.	 0.	0.236877	 0.	 0.
0.00423	 0.	 0.	 0.	0.234562	 0.	 0.
0.00424	 0.	 0.	 0.	0.23227	 0.	 0.
0.00425	 0.	 0.	 0.	0.23	 0.	 0.
0.00426	 0.	 0.	 0.	0.227705	 0.	 0.
0.00427	 0.	 0.	 0.	0.225433	 0.	 0.
0.00428	 0.	 0.	 0.	0.223184	 0.	 0.
0.00429	 0.	 0.	 0.	0.220957	 0.	 0.
0.0043	 0.	 0.	 0.	0.218752	 0.	 0.
0.00431	 0.	 0.	 0.	0.21657	 0.	 0.
0.00432	 0.	 0.	 0.	0.214409	 0.	 0.
0.00433	 0.	 0.	 0.	0.21227	 0.	 0.
0.00434	 0.	 0.	 0.	0.210152	 0.	 0.
0.00435	 0.	 0.	 0.	0.208055	 0.	 0.
0.00436	 0.	 0.	 0.	0.205979	 0.	 0.
0.00437	 0.	 0.	 0.	0.203924	 0.	 0.
0.00438	 0.	 0.	 0.	0.201889	 0.	 0.
0.00439	 0.	 0.	 0.	0.199875	 0.	 0.
0.0044	 0.	 0.	 0.	0.19788	 0.	 0.
0.00441	 0.	 0.	 0.	0.195906	 0.	 0.
0.00442	 0.	 0.	 0.	0.193951	 0.	 0.
0.00443	 0.	 0.	 0.	0.192016	 0.	 0.
0.00444	 0.	 0.	 0.	0.1901	 0.	 0.
0.00445	 0.	 0.	 0.	0.188204	 0.	 0.
0.00446	 0.	 0.	 0.	0.186326	 0.	 0.
0.00447	 0.	 0.	 0.	0.184467	 0.	 0.
0.00448	 0.	 0.	 0.	0.182626	 0.	 0.
0.00449	 0.	 0.	 0.	0.180804	 0.	 0.
0.0045	 0.	 0.	 0.	0.179	 0.	 0.
0.00451	 0.	 0.	 0.	0.177147	 0.	 0.
0.00452	 0.	 0.	 0.	0.175313	 0.	 0.
0.00453	 0.	 0.	 0.	0.173499	 0.	 0.
0.00454	 0.	 0.	 0.	0.171703	 0.	 0.
0.00455	 0.	 0.	 0.	0.169925	 0.	 0.
0.00456	 0.	 0.	 0.	0.168166	 0.	 0.
0.00457	 0.	 0.	 0.	0.166426	 0.	 0.
0.00458	 0.	 0.	 0.	0.164703	 0.	 0.
0.00459	 0.	 0.	 0.	0.162998	 0.	 0.
0.0046	 0.	 0.	 0.	0.161311	 0.	 0.
0.00461	 0.	 0.	 0.	0.159641	 0.	 0.
0.00462	 0.	 0.	 0.	0.157989	 0.	 0.
0.00463	 0.	 0.	 0.	0.156353	 0.	 0.
0.00464	 0.	 0.	 0.	0.154735	 0.	 0.
0.00465	 0.	 0.	 0.	0.153133	 0.	 0.
0.00466	 0.	 0.	 0.	0.151548	 0.	 0.
0.00467	 0.	 0.	 0.	0.149979	 0.	 0.
0.00468	 0.	 0.	 0.	0.148427	 0.	 0.
0.00469	 0.	 0.	 0.	0.14689	 0.	 0.
0.0047	 0.	 0.	 0.	0.14537	 0.	 0.
0.00471	 0.	 0.	 0.	0.143865	 0.	 0.
0.00472	 0.	 0.	 0.	0.142376	 0.	 0.
0.00473	 0.	 0.	 0.	0.140902	 0.	 0.
0.00474	 0.	 0.	 0.	0.139443	 0.	 0.
0.00475	 0.	 0.	 0.	0.138	 0.	 0.
0.00476	 0.	 0.	 0.	0.136754	 0.	 0.
0.00477	 0.	 0.	 0.	0.135519	 0.	 0.
0.00478	 0.	 0.	 0.	0.134295	 0.	 0.
0.00479	 0.	 0.	 0.	0.133083	 0.	 0.
0.0048	 0.	 0.	 0.	0.131881	 0.	 0.
0.00481	 0.	 0.	 0.	0.13069	 0.	 0.
0.00482	 0.	 0.	 0.	0.12951	 0.	 0.
0.00483	 0.	 0.	 0.	0.12834	 0.	 0.
0.00484	 0.	 0.	 0.	0.127182	 0.	 0.
0.00485	 0.	 0.	 0.	0.126033	 0.	 0.
0.00486	 0.	 0.	 0.	0.124895	 0.	 0.
0.00487	 0.	 0.	 0.	0.123767	 0.	 0.
0.00488	 0.	 0.	 0.	0.12265	 0.	 0.
0.00489	 0.	 0.	 0.	0.121542	 0.	 0.
0.0049	 0.	 0.	 0.	0.120445	 0.	 0.
0.00491	 0.	 0.	 0.	0.119357	 0.	 0.
0.00492	 0.	 0.	 0.	0.118279	 0.	 0.
0.00493	 0.	 0.	 0.	0.117211	 0.	 0.
0.00494	 0.	 0.	 0.	0.116153	 0.	 0.
0.00495	 0.	 0.	 0.	0.115104	 0.	 0.
0.00496	 0.	 0.	 0.	0.114065	 0.	 0.
0.00497	 0.	 0.	 0.	0.113035	 0.	 0.
0.00498	 0.	 0.	 0.	0.112014	 0.	 0.
0.00499	 0.	 0.	 0.	0.111002	 0.	 0.
0.005	 0.	 0.	 0.	0.11	 0.	 0.
0.00501	 0.	 0.	 0.	0.108943	 0.	 0.
0.00502	 0.	 0.	 0.	0.107895	 0.	 0.
0.00503	 0.	 0.	 0.	0.106858	 0.	 0.
0.00504	 0.	 0.	 0.	0.105831	 0.	 0.
0.00505	 0.	 0.	 0.	0.104813	 0.	 0.
0.00506	 0.	 0.	 0.	0.103806	 0.	 0.
0.00507	 0.	 0.	 0.	0.102808	 0.	 0.
0.00508	 0.	 0.	 0.	0.10182	 0.	 0.
0.00509	 0.	 0.	 0.	0.100841	 0.	 0.
0.0051	 0.	 0.	 0.	0.0998714	 0.	 0.
0.00511	 0.	 0.	 0.	0.0989113	 0.	 0.
0.00512	 0.	 0.	 0.	0.0979605	 0.	 0.
0.00513	 0.	 0.	 0.	0.0970187	 0.	 0.
0.00514	 0.	 0.	 0.	0.0960861	 0.	 0.
0.00515	 0.	 0.	 0.	0.0951624	 0.	 0.
0.00516	 0.	 0.	 0.	0.0942476	 0.	 0.
0.00517	 0.	 0.	 0.	0.0933415	 0.	 0.
0.00518	 0.	 0.	 0.	0.0924442	 0.	 0.
0.00519	 0.	 0.	 0.	0.0915556	 0.	 0.
0.0052	 0.	 0.	 0.	0.0906754	 0.	 0.
0.00521	 0.	 0.	 0.	0.0898037	 0.	 0.
0.00522	 0.	 0.	 0.	0.0889404	 0.	 0.
0.00523	 0.	 0.	 0.	0.0880854	 0.	 0.
0.00524	 0.	 0.	 0.	0.0872386	 0.	 0.
0.00525	 0.	 0.	 0.	0.0864	 0.	 0.
0.00526	 0.	 0.	 0.	0.0854009	 0.	 0.
0.00527	 0.	 0.	 0.	0.0844134	 0.	 0.
0.00528	 0.	 0.	 0.	0.0834373	 0.	 0.
0.00529	 0.	 0.	 0.	0.0824724	 0.	 0.
0.0053	 0.	 0.	 0.	0.0815187	 0.	 0.
0.00531	 0.	 0.	 0.	0.0805761	 0.	 0.
0.00532	 0.	 0.	 0.	0.0796444	 0.	 0.
0.00533	 0.	 0.	 0.	0.0787234	 0.	 0.
0.00534	 0.	 0.	 0.	0.0778131	 0.	 0.
0.00535	 0.	 0.	 0.	0.0769133	 0.	 0.
0.00536	 0.	 0.	 0.	0.0760239	 0.	 0.
0.00537	 0.	 0.	 0.	0.0751448	 0.	 0.
0.00538	 0.	 0.	 0.	0.0742758	 0.	 0.
0.00539	 0.	 0.	 0.	0.0734169	 0.	 0.
0.0054	 0.	 0.	 0.	0.072568	 0.	 0.
0.00541	 0.	 0.	 0.	0.0717288	 0.	 0.
0.00542	 0.	 0.	 0.	0.0708994	 0.	 0.
0.00543	 0.	 0.	 0.	0.0700795	 0.	 0.
0.00544	 0.	 0.	 0.	0.0692692	 0.	 0.
0.00545	 0.	 0.	 0.	0.0684682	 0.	 0.
0.00546	 0.	 0.	 0.	0.0676764	 0.	 0.
0.00547	 0.	 0.	 0.	0.0668939	 0.	 0.
0.00548	 0.	 0.	 0.	0.0661203	 0.	 0.
0.00549	 0.	 0.	 0.	0.0653557	 0.	 0.
0.0055	 0.	 0.	 0.	0.0646	 0.	 0.
0.00551	 0.	 0.	 0.	0.0639921	 0.	 0.
0.00552	 0.	 0.	 0.	0.0633898	 0.	 0.
0.00553	 0.	 0.	 0.	0.0627933	 0.	 0.
0.00554	 0.	 0.	 0.	0.0622023	 0.	 0.
0.00555	 0.	 0.	 0.	0.0616169	 0.	 0.
0.00556	 0.	 0.	 0.	0.0610371	 0.	 0.
0.00557	 0.	 0.	 0.	0.0604626	 0.	 0.
0.00558	 0.	 0.	 0.	0.0598936	 0.	 0.
0.00559	 0.	 0.	 0.	0.05933	 0.	 0.
0.0056	 0.	 0.	 0.	0.0587716	 0.	 0.
0.00561	 0.	 0.	 0.	0.0582185	 0.	 0.
0.00562	 0.	 0.	 0.	0.0576706	 0.	 0.
0.00563	 0.	 0.	 0.	0.0571279	 0.	 0.
0.00564	 0.	 0.	 0.	0.0565902	 0.	 0.
0.00565	 0.	 0.	 0.	0.0560577	 0.	 0.
0.00566	 0.	 0.	 0.	0.0555301	 0.	 0.
0.00567	 0.	 0.	 0.	0.0550075	 0.	 0.
0.00568	 0.	 0.	 0.	0.0544899	 0.	 0.
0.00569	 0.	 0.	 0.	0.053977	 0.	 0.
0.0057	 0.	 0.	 0.	0.0534691	 0.	 0.
0.00571	 0.	 0.	 0.	0.0529659	 0.	 0.
0.00572	 0.	 0.	 0.	0.0524674	 0.	 0.
0.00573	 0.	 0.	 0.	0.0519736	 0.	 0.
0.00574	 0.	 0.	 0.	0.0514845	 0.	 0.
0.00575	 0.	 0.	 0.	0.051	 0.	 0.
0.00576	 0.	 0.	 0.	0.0504505	 0.	 0.
0.00577	 0.	 0.	 0.	0.0499069	 0.	 0.
0.00578	 0.	 0.	 0.	0.0493692	 0.	 0.
0.00579	 0.	 0.	 0.	0.0488372	 0.	 0.
0.0058	 0.	 0.	 0.	0.048311	 0.	 0.
0.00581	 0.	 0.	 0.	0.0477905	 0.	 0.
0.00582	 0.	 0.	 0.	0.0472755	 0.	 0.
0.00583	 0.	 0.	 0.	0.0467661	 0.	 0.
0.00584	 0.	 0.	 0.	0.0462623	 0.	 0.
0.00585	 0.	 0.	 0.	0.0457638	 0.	 0.
0.00586	 0.	 0.	 0.	0.0452707	 0.	 0.
0.00587	 0.	 0.	 0.	0.0447829	 0.	 0.
0.00588	 0.	 0.	 0.	0.0443004	 0.	 0.
0.00589	 0.	 0.	 0.	0.0438231	 0.	 0.
0.0059	 0.	 0.	 0.	0.0433509	 0.	 0.
0.00591	 0.	 0.	 0.	0.0428838	 0.	 0.
0.00592	 0.	 0.	 0.	0.0424217	 0.	 0.
0.00593	 0.	 0.	 0.	0.0419646	 0.	 0.
0.00594	 0.	 0.	 0.	0.0415125	 0.	 0.
0.00595	 0.	 0.	 0.	0.0410652	 0.	 0.
0.00596	 0.	 0.	 0.	0.0406227	 0.	 0.
0.00597	 0.	 0.	 0.	0.040185	 0.	 0.
0.00598	 0.	 0.	 0.	0.039752	 0.	 0.
0.00599	 0.	 0.	 0.	0.0393237	 0.	 0.
0.006	 0.	 0.	 0.	0.0389	 0.	 0.
0.00601	 0.	 0.	 0.	0.0384297	 0.	 0.
0.00602	 0.	 0.	 0.	0.0379651	 0.	 0.
0.00603	 0.	 0.	 0.	0.0375061	 0.	 0.
0.00604	 0.	 0.	 0.	0.0370526	 0.	 0.
0.00605	 0.	 0.	 0.	0.0366046	 0.	 0.
0.00606	 0.	 0.	 0.	0.0361621	 0.	 0.
0.00607	 0.	 0.	 0.	0.0357249	 0.	 0.
0.00608	 0.	 0.	 0.	0.0352929	 0.	 0.
0.00609	 0.	 0.	 0.	0.0348662	 0.	 0.
0.0061	 0.	 0.	 0.	0.0344447	 0.	 0.
0.00611	 0.	 0.	 0.	0.0340283	 0.	 0.
0.00612	 0.	 0.	 0.	0.0336169	 0.	 0.
0.00613	 0.	 0.	 0.	0.0332104	 0.	 0.
0.00614	 0.	 0.	 0.	0.0328089	 0.	 0.
0.00615	 0.	 0.	 0.	0.0324122	 0.	 0.
0.00616	 0.	 0.	 0.	0.0320204	 0.	 0.
0.00617	 0.	 0.	 0.	0.0316332	 0.	 0.
0.00618	 0.	 0.	 0.	0.0312508	 0.	 0.
0.00619	 0.	 0.	 0.	0.030873	 0.	 0.
0.0062	 0.	 0.	 0.	0.0304997	 0.	 0.
0.00621	 0.	 0.	 0.	0.0301309	 0.	 0.
0.00622	 0.	 0.	 0.	0.0297667	 0.	 0.
0.00623	 0.	 0.	 0.	0.0294068	 0.	 0.
0.00624	 0.	 0.	 0.	0.0290512	 0.	 0.
0.00625	 0.	 0.	 0.	0.0287	 0.	 0.
0.00626	 0.	 0.	 0.	0.0283808	 0.	 0.
0.00627	 0.	 0.	 0.	0.0280652	 0.	 0.
0.00628	 0.	 0.	 0.	0.0277531	 0.	 0.
0.00629	 0.	 0.	 0.	0.0274444	 0.	 0.
0.0063	 0.	 0.	 0.	0.0271392	 0.	 0.
0.00631	 0.	 0.	 0.	0.0268374	 0.	 0.
0.00632	 0.	 0.	 0.	0.0265389	 0.	 0.
0.00633	 0.	 0.	 0.	0.0262438	 0.	 0.
0.00634	 0.	 0.	 0.	0.0259519	 0.	 0.
0.00635	 0.	 0.	 0.	0.0256633	 0.	 0.
0.00636	 0.	 0.	 0.	0.0253779	 0.	 0.
0.00637	 0.	 0.	 0.	0.0250957	 0.	 0.
0.00638	 0.	 0.	 0.	0.0248166	 0.	 0.
0.00639	 0.	 0.	 0.	0.0245406	 0.	 0.
0.0064	 0.	 0.	 0.	0.0242677	 0.	 0.
0.00641	 0.	 0.	 0.	0.0239978	 0.	 0.
0.00642	 0.	 0.	 0.	0.0237309	 0.	 0.
0.00643	 0.	 0.	 0.	0.023467	 0.	 0.
0.00644	 0.	 0.	 0.	0.023206	 0.	 0.
0.00645	 0.	 0.	 0.	0.022948	 0.	 0.
0.00646	 0.	 0.	 0.	0.0226928	 0.	 0.
0.00647	 0.	 0.	 0.	0.0224404	 0.	 0.
0.00648	 0.	 0.	 0.	0.0221908	 0.	 0.
0.00649	 0.	 0.	 0.	0.021944	 0.	 0.
0.0065	 0.	 0.	 0.	0.0217	 0.	 0.
0.00651	 0.	 0.	 0.	0.0214424	 0.	 0.
0.00652	 0.	 0.	 0.	0.021188	 0.	 0.
0.00653	 0.	 0.	 0.	0.0209365	 0.	 0.
0.00654	 0.	 0.	 0.	0.020688	 0.	 0.
0.00655	 0.	 0.	 0.	0.0204425	 0.	 0.
0.00656	 0.	 0.	 0.	0.0201998	 0.	 0.
0.00657	 0.	 0.	 0.	0.0199601	 0.	 0.
0.00658	 0.	 0.	 0.	0.0197232	 0.	 0.
0.00659	 0.	 0.	 0.	0.0194891	 0.	 0.
0.0066	 0.	 0.	 0.	0.0192578	 0.	 0.
0.00661	 0.	 0.	 0.	0.0190292	 0.	 0.
0.00662	 0.	 0.	 0.	0.0188034	 0.	 0.
0.00663	 0.	 0.	 0.	0.0185802	 0.	 0.
0.00664	 0.	 0.	 0.	0.0183597	 0.	 0.
0.00665	 0.	 0.	 0.	0.0181418	 0.	 0.
0.00666	 0.	 0.	 0.	0.0179264	 0.	 0.
0.00667	 0.	 0.	 0.	0.0177137	 0.	 0.
0.00668	 0.	 0.	 0.	0.0175034	 0.	 0.
0.00669	 0.	 0.	 0.	0.0172957	 0.	 0.
0.0067	 0.	 0.	 0.	0.0170904	 0.	 0.
0.00671	 0.	 0.	 0.	0.0168876	 0.	 0.
0.00672	 0.	 0.	 0.	0.0166871	 0.	 0.
0.00673	 0.	 0.	 0.	0.0164891	 0.	 0.
0.00674	 0.	 0.	 0.	0.0162934	 0.	 0.
0.00675	 0.	 0.	 0.	0.0161	 0.	 0.
0.00676	 0.	 0.	 0.	0.0158792	 0.	 0.
0.00677	 0.	 0.	 0.	0.0156615	 0.	 0.
0.00678	 0.	 0.	 0.	0.0154467	 0.	 0.
0.00679	 0.	 0.	 0.	0.0152349	 0.	 0.
0.0068	 0.	 0.	 0.	0.0150259	 0.	 0.
0.00681	 0.	 0.	 0.	0.0148199	 0.	 0.
0.00682	 0.	 0.	 0.	0.0146167	 0.	 0.
0.00683	 0.	 0.	 0.	0.0144162	 0.	 0.
0.00684	 0.	 0.	 0.	0.0142185	 0.	 0.
0.00685	 0.	 0.	 0.	0.0140235	 0.	 0.
0.00686	 0.	 0.	 0.	0.0138312	 0.	 0.
0.00687	 0.	 0.	 0.	0.0136416	 0.	 0.
0.00688	 0.	 0.	 0.	0.0134545	 0.	 0.
0.00689	 0.	 0.	 0.	0.01327	 0.	 0.
0.0069	 0.	 0.	 0.	0.013088	 0.	 0.
0.00691	 0.	 0.	 0.	0.0129085	 0.	 0.
0.00692	 0.	 0.	 0.	0.0127315	 0.	 0.
0.00693	 0.	 0.	 0.	0.0125569	 0.	 0.
0.00694	 0.	 0.	 0.	0.0123847	 0.	 0.
0.00695	 0.	 0.	 0.	0.0122149	 0.	 0.
0.00696	 0.	 0.	 0.	0.0120474	 0.	 0.
0.00697	 0.	 0.	 0.	0.0118822	 0.	 0.
0.00698	 0.	 0.	 0.	0.0117192	 0.	 0.
0.00699	 0.	 0.	 0.	0.0115585	 0.	 0.
0.007	 0.	 0.	 0.	0.0114	 0.	 0.
0.00701	 0.	 0.	 0.	0.0111905	 0.	 0.
0.00702	 0.	 0.	 0.	0.0109848	 0.	 0.
0.00703	 0.	 0.	 0.	0.010783	 0.	 0.
0.00704	 0.	 0.	 0.	0.0105848	 0.	 0.
0.00705	 0.	 0.	 0.	0.0103903	 0.	 0.
0.00706	 0.	 0.	 0.	0.0101993	 0.	 0.
0.00707	 0.	 0.	 0.	0.0100119	 0.	 0.
0.00708	 0.	 0.	 0.	0.00982792	 0.	 0.
0.00709	 0.	 0.	 0.	0.0096473	 0.	 0.
0.0071	 0.	 0.	 0.	0.00947001	 0.	 0.
0.00711	 0.	 0.	 0.	0.00929598	 0.	 0.
0.00712	 0.	 0.	 0.	0.00912514	 0.	 0.
0.00713	 0.	 0.	 0.	0.00895745	 0.	 0.
0.00714	 0.	 0.	 0.	0.00879283	 0.	 0.
0.00715	 0.	 0.	 0.	0.00863124	 0.	 0.
0.00716	 0.	 0.	 0.	0.00847263	 0.	 0.
0.00717	 0.	 0.	 0.	0.00831692	 0.	 0.
0.00718	 0.	 0.	 0.	0.00816408	 0.	 0.
0.00719	 0.	 0.	 0.	0.00801404	 0.	 0.
0.0072	 0.	 0.	 0.	0.00786677	 0.	 0.
0.00721	 0.	 0.	 0.	0.0077222	 0.	 0.
0.00722	 0.	 0.	 0.	0.00758028	 0.	 0.
0.00723	 0.	 0.	 0.	0.00744098	 0.	 0.
0.00724	 0.	 0.	 0.	0.00730423	 0.	 0.
0.00725	 0.	 0.	 0.	0.00717	 0.	 0.
0.00726	 0.	 0.	 0.	0.00704627	 0.	 0.
0.00727	 0.	 0.	 0.	0.00692467	 0.	 0.
0.00728	 0.	 0.	 0.	0.00680517	 0.	 0.
0.00729	 0.	 0.	 0.	0.00668773	 0.	 0.
0.0073	 0.	 0.	 0.	0.00657232	 0.	 0.
0.00731	 0.	 0.	 0.	0.0064589	 0.	 0.
0.00732	 0.	 0.	 0.	0.00634744	 0.	 0.
0.00733	 0.	 0.	 0.	0.00623791	 0.	 0.
0.00734	 0.	 0.	 0.	0.00613026	 0.	 0.
0.00735	 0.	 0.	 0.	0.00602447	 0.	 0.
0.00736	 0.	 0.	 0.	0.0059205	 0.	 0.
0.00737	 0.	 0.	 0.	0.00581833	 0.	 0.
0.00738	 0.	 0.	 0.	0.00571793	 0.	 0.
0.00739	 0.	 0.	 0.	0.00561925	 0.	 0.
0.0074	 0.	 0.	 0.	0.00552228	 0.	 0.
0.00741	 0.	 0.	 0.	0.00542698	 0.	 0.
0.00742	 0.	 0.	 0.	0.00533333	 0.	 0.
0.00743	 0.	 0.	 0.	0.00524129	 0.	 0.
0.00744	 0.	 0.	 0.	0.00515084	 0.	 0.
0.00745	 0.	 0.	 0.	0.00506195	 0.	 0.
0.00746	 0.	 0.	 0.	0.0049746	 0.	 0.
0.00747	 0.	 0.	 0.	0.00488875	 0.	 0.
0.00748	 0.	 0.	 0.	0.00480439	 0.	 0.
0.00749	 0.	 0.	 0.	0.00472148	 0.	 0.
0.0075	 0.	 0.	 0.	0.00464	 0.	 0.
0.00751	 0.	 0.	 0.	0.00455793	 0.	 0.
0.00752	 0.	 0.	 0.	0.00447731	 0.	 0.
0.00753	 0.	 0.	 0.	0.00439812	 0.	 0.
0.00754	 0.	 0.	 0.	0.00432032	 0.	 0.
0.00755	 0.	 0.	 0.	0.00424391	 0.	 0.
0.00756	 0.	 0.	 0.	0.00416884	 0.	 0.
0.00757	 0.	 0.	 0.	0.0040951	 0.	 0.
0.00758	 0.	 0.	 0.	0.00402267	 0.	 0.
0.00759	 0.	 0.	 0.	0.00395152	 0.	 0.
0.0076	 0.	 0.	 0.	0.00388162	 0.	 0.
0.00761	 0.	 0.	 0.	0.00381297	 0.	 0.
0.00762	 0.	 0.	 0.	0.00374552	 0.	 0.
0.00763	 0.	 0.	 0.	0.00367927	 0.	 0.
0.00764	 0.	 0.	 0.	0.00361419	 0.	 0.
0.00765	 0.	 0.	 0.	0.00355027	 0.	 0.
0.00766	 0.	 0.	 0.	0.00348747	 0.	 0.
0.00767	 0.	 0.	 0.	0.00342579	 0.	 0.
0.00768	 0.	 0.	 0.	0.00336519	 0.	 0.
0.00769	 0.	 0.	 0.	0.00330567	 0.	 0.
0.0077	 0.	 0.	 0.	0.0032472	 0.	 0.
0.00771	 0.	 0.	 0.	0.00318976	 0.	 0.
0.00772	 0.	 0.	 0.	0.00313334	 0.	 0.
0.00773	 0.	 0.	 0.	0.00307792	 0.	 0.
0.00774	 0.	 0.	 0.	0.00302348	 0.	 0.
0.00775	 0.	 0.	 0.	0.00297	 0.	 0.
0.00776	 0.	 0.	 0.	0.00289886	 0.	 0.
0.00777	 0.	 0.	 0.	0.00282942	 0.	 0.
0.00778	 0.	 0.	 0.	0.00276164	 0.	 0.
0.00779	 0.	 0.	 0.	0.00269549	 0.	 0.
0.0078	 0.	 0.	 0.	0.00263092	 0.	 0.
0.00781	 0.	 0.	 0.	0.0025679	 0.	 0.
0.00782	 0.	 0.	 0.	0.00250639	 0.	 0.
0.00783	 0.	 0.	 0.	0.00244635	 0.	 0.
0.00784	 0.	 0.	 0.	0.00238775	 0.	 0.
0.00785	 0.	 0.	 0.	0.00233056	 0.	 0.
0.00786	 0.	 0.	 0.	0.00227473	 0.	 0.
0.00787	 0.	 0.	 0.	0.00222024	 0.	 0.
0.00788	 0.	 0.	 0.	0.00216706	 0.	 0.
0.00789	 0.	 0.	 0.	0.00211515	 0.	 0.
0.0079	 0.	 0.	 0.	0.00206448	 0.	 0.
0.00791	 0.	 0.	 0.	0.00201503	 0.	 0.
0.00792	 0.	 0.	 0.	0.00196676	 0.	 0.
0.00793	 0.	 0.	 0.	0.00191965	 0.	 0.
0.00794	 0.	 0.	 0.	0.00187367	 0.	 0.
0.00795	 0.	 0.	 0.	0.00182879	 0.	 0.
0.00796	 0.	 0.	 0.	0.00178498	 0.	 0.
0.00797	 0.	 0.	 0.	0.00174222	 0.	 0.
0.00798	 0.	 0.	 0.	0.00170049	 0.	 0.
0.00799	 0.	 0.	 0.	0.00165976	 0.	 0.
0.008	 0.	 0.	 0.	0.00162	 0.	 0.
0.00801	 0.	 0.	 0.	0.00158119	 0.	 0.
0.00802	 0.	 0.	 0.	0.00154332	 0.	 0.
0.00803	 0.	 0.	 0.	0.00150635	 0.	 0.
0.00804	 0.	 0.	 0.	0.00147027	 0.	 0.
0.00805	 0.	 0.	 0.	0.00143505	 0.	 0.
0.00806	 0.	 0.	 0.	0.00140067	 0.	 0.
0.00807	 0.	 0.	 0.	0.00136712	 0.	 0.
0.00808	 0.	 0.	 0.	0.00133437	 0.	 0.
0.00809	 0.	 0.	 0.	0.00130241	 0.	 0.
0.0081	 0.	 0.	 0.	0.00127121	 0.	 0.
0.00811	 0.	 0.	 0.	0.00124076	 0.	 0.
0.00812	 0.	 0.	 0.	0.00121104	 0.	 0.
0.00813	 0.	 0.	 0.	0.00118203	 0.	 0.
0.00814	 0.	 0.	 0.	0.00115372	 0.	 0.
0.00815	 0.	 0.	 0.	0.00112608	 0.	 0.
0.00816	 0.	 0.	 0.	0.00109911	 0.	 0.
0.00817	 0.	 0.	 0.	0.00107278	 0.	 0.
0.00818	 0.	 0.	 0.	0.00104708	 0.	 0.
0.00819	 0.	 0.	 0.	0.001022	 0.	 0.
0.0082	 0.	 0.	 0.	0.000997521	 0.	 0.
0.00821	 0.	 0.	 0.	0.000973626	 0.	 0.
0.00822	 0.	 0.	 0.	0.000950304	 0.	 0.
0.00823	 0.	 0.	 0.	0.000927541	 0.	 0.
0.00824	 0.	 0.	 0.	0.000905322	 0.	 0.
0.00825	 0.	 0.	 0.	0.000883636	 0.	 0.
0.00826	 0.	 0.	 0.	0.00086247	 0.	 0.
0.00827	 0.	 0.	 0.	0.00084181	 0.	 0.
0.00828	 0.	 0.	 0.	0.000821646	 0.	 0.
0.00829	 0.	 0.	 0.	0.000801964	 0.	 0.
0.0083	 0.	 0.	 0.	0.000782754	 0.	 0.
0.00831	 0.	 0.	 0.	0.000764004	 0.	 0.
0.00832	 0.	 0.	 0.	0.000745703	 0.	 0.
0.00833	 0.	 0.	 0.	0.000727841	 0.	 0.
0.00834	 0.	 0.	 0.	0.000710406	 0.	 0.
0.00835	 0.	 0.	 0.	0.000693389	 0.	 0.
0.00836	 0.	 0.	 0.	0.00067678	 0.	 0.
0.00837	 0.	 0.	 0.	0.000660568	 0.	 0.
0.00838	 0.	 0.	 0.	0.000644745	 0.	 0.
0.00839	 0.	 0.	 0.	0.000629301	 0.	 0.
0.0084	 0.	 0.	 0.	0.000614227	 0.	 0.
0.00841	 0.	 0.	 0.	0.000599514	 0.	 0.
0.00842	 0.	 0.	 0.	0.000585153	 0.	 0.
0.00843	 0.	 0.	 0.	0.000571136	 0.	 0.
0.00844	 0.	 0.	 0.	0.000557455	 0.	 0.
0.00845	 0.	 0.	 0.	0.000544102	 0.	 0.
0.00846	 0.	 0.	 0.	0.000531069	 0.	 0.
0.00847	 0.	 0.	 0.	0.000518348	 0.	 0.
0.00848	 0.	 0.	 0.	0.000505931	 0.	 0.
0.00849	 0.	 0.	 0.	0.000493812	 0.	 0.
0.0085	 0.	 0.	 0.	0.000481983	 0.	 0.
0.00851	 0.	 0.	 0.	0.000470438	 0.	 0.
0.00852	 0.	 0.	 0.	0.000459169	 0.	 0.
0.00853	 0.	 0.	 0.	0.00044817	 0.	 0.
0.00854	 0.	 0.	 0.	0.000437435	 0.	 0.
0.00855	 0.	 0.	 0.	0.000426957	 0.	 0.
0.00856	 0.	 0.	 0.	0.000416729	 0.	 0.
0.00857	 0.	 0.	 0.	0.000406747	 0.	 0.
0.00858	 0.	 0.	 0.	0.000397004	 0.	 0.
0.00859	 0.	 0.	 0.	0.000387494	 0.	 0.
0.0086	 0.	 0.	 0.	0.000378212	 0.	 0.
0.00861	 0.	 0.	 0.	0.000369153	 0.	 0.
0.00862	 0.	 0.	 0.	0.00036031	 0.	 0.
0.00863	 0.	 0.	 0.	0.000351679	 0.	 0.
0.00864	 0.	 0.	 0.	0.000343255	 0.	 0.
0.00865	 0.	 0.	 0.	0.000335033	 0.	 0.
0.00866	 0.	 0.	 0.	0.000327007	 0.	 0.
0.00867	 0.	 0.	 0.	0.000319174	 0.	 0.
0.00868	 0.	 0.	 0.	0.000311529	 0.	 0.
0.00869	 0.	 0.	 0.	0.000304067	 0.	 0.
0.0087	 0.	 0.	 0.	0.000296783	 0.	 0.
0.00871	 0.	 0.	 0.	0.000289674	 0.	 0.
0.00872	 0.	 0.	 0.	0.000282735	 0.	 0.
0.00873	 0.	 0.	 0.	0.000275962	 0.	 0.
0.00874	 0.	 0.	 0.	0.000269352	 0.	 0.
0.00875	 0.	 0.	 0.	0.0002629	 0.	 0.
0.00876	 0.	 0.	 0.	0.000256603	 0.	 0.
0.00877	 0.	 0.	 0.	0.000250456	 0.	 0.
0.00878	 0.	 0.	 0.	0.000244457	 0.	 0.
0.00879	 0.	 0.	 0.	0.000238601	 0.	 0.
0.0088	 0.	 0.	 0.	0.000232885	 0.	 0.
0.00881	 0.	 0.	 0.	0.000227307	 0.	 0.
0.00882	 0.	 0.	 0.	0.000221862	 0.	 0.
0.00883	 0.	 0.	 0.	0.000216548	 0.	 0.
0.00884	 0.	 0.	 0.	0.00021136	 0.	 0.
0.00885	 0.	 0.	 0.	0.000206298	 0.	 0.
0.00886	 0.	 0.	 0.	0.000201356	 0.	 0.
0.00887	 0.	 0.	 0.	0.000196533	 0.	 0.
0.00888	 0.	 0.	 0.	0.000191825	 0.	 0.
0.00889	 0.	 0.	 0.	0.00018723	 0.	 0.
0.0089	 0.	 0.	 0.	0.000182745	 0.	 0.
0.00891	 0.	 0.	 0.	0.000178368	 0.	 0.
0.00892	 0.	 0.	 0.	0.000174095	 0.	 0.
0.00893	 0.	 0.	 0.	0.000169925	 0.	 0.
0.00894	 0.	 0.	 0.	0.000165854	 0.	 0.
0.00895	 0.	 0.	 0.	0.000161882	 0.	 0.
0.00896	 0.	 0.	 0.	0.000158004	 0.	 0.
0.00897	 0.	 0.	 0.	0.000154219	 0.	 0.
0.00898	 0.	 0.	 0.	0.000150525	 0.	 0.
0.00899	 0.	 0.	 0.	0.000146919	 0.	 0.
0.009	 0.	 0.	 0.	0.0001434	 0.	 0.
0.00901	 0.	 0.	 0.	0.000139965	 0.	 0.
0.00902	 0.	 0.	 0.	0.000136612	 0.	 0.
0.00903	 0.	 0.	 0.	0.00013334	 0.	 0.
0.00904	 0.	 0.	 0.	0.000130146	 0.	 0.
0.00905	 0.	 0.	 0.	0.000127028	 0.	 0.
0.00906	 0.	 0.	 0.	0.000123986	 0.	 0.
0.00907	 0.	 0.	 0.	0.000121016	 0.	 0.
0.00908	 0.	 0.	 0.	0.000118117	 0.	 0.
0.00909	 0.	 0.	 0.	0.000115288	 0.	 0.
0.0091	 0.	 0.	 0.	0.000112526	 0.	 0.
0.00911	 0.	 0.	 0.	0.000109831	 0.	 0.
0.00912	 0.	 0.	 0.	0.0001072	 0.	 0.
0.00913	 0.	 0.	 0.	0.000104632	 0.	 0.
0.00914	 0.	 0.	 0.	0.000102125	 0.	 0.
0.00915	 0.	 0.	 0.	0.0000996792	 0.	 0.
0.00916	 0.	 0.	 0.	0.0000972915	 0.	 0.
0.00917	 0.	 0.	 0.	0.000094961	 0.	 0.
0.00918	 0.	 0.	 0.	0.0000926863	 0.	 0.
0.00919	 0.	 0.	 0.	0.0000904661	 0.	 0.
0.0092	 0.	 0.	 0.	0.0000882991	 0.	 0.
0.00921	 0.	 0.	 0.	0.000086184	 0.	 0.
0.00922	 0.	 0.	 0.	0.0000841195	 0.	 0.
0.00923	 0.	 0.	 0.	0.0000821045	 0.	 0.
0.00924	 0.	 0.	 0.	0.0000801378	 0.	 0.
0.00925	 0.	 0.	 0.	0.0000782182	 0.	 0.
0.00926	 0.	 0.	 0.	0.0000763446	 0.	 0.
0.00927	 0.	 0.	 0.	0.0000745158	 0.	 0.
0.00928	 0.	 0.	 0.	0.0000727309	 0.	 0.
0.00929	 0.	 0.	 0.	0.0000709887	 0.	 0.
0.0093	 0.	 0.	 0.	0.0000692882	 0.	 0.
0.00931	 0.	 0.	 0.	0.0000676285	 0.	 0.
0.00932	 0.	 0.	 0.	0.0000660086	 0.	 0.
0.00933	 0.	 0.	 0.	0.0000644274	 0.	 0.
0.00934	 0.	 0.	 0.	0.0000628841	 0.	 0.
0.00935	 0.	 0.	 0.	0.0000613778	 0.	 0.
0.00936	 0.	 0.	 0.	0.0000599076	 0.	 0.
0.00937	 0.	 0.	 0.	0.0000584725	 0.	 0.
0.00938	 0.	 0.	 0.	0.0000570719	 0.	 0.
0.00939	 0.	 0.	 0.	0.0000557048	 0.	 0.
0.0094	 0.	 0.	 0.	0.0000543705	 0.	 0.
0.00941	 0.	 0.	 0.	0.0000530681	 0.	 0.
0.00942	 0.	 0.	 0.	0.0000517969	 0.	 0.
0.00943	 0.	 0.	 0.	0.0000505562	 0.	 0.
0.00944	 0.	 0.	 0.	0.0000493451	 0.	 0.
0.00945	 0.	 0.	 0.	0.0000481631	 0.	 0.
0.00946	 0.	 0.	 0.	0.0000470094	 0.	 0.
0.00947	 0.	 0.	 0.	0.0000458834	 0.	 0.
0.00948	 0.	 0.	 0.	0.0000447843	 0.	 0.
0.00949	 0.	 0.	 0.	0.0000437115	 0.	 0.
0.0095	 0.	 0.	 0.	0.0000426645	 0.	 0.
0.00951	 0.	 0.	 0.	0.0000416425	 0.	 0.
0.00952	 0.	 0.	 0.	0.000040645	 0.	 0.
0.00953	 0.	 0.	 0.	0.0000396714	 0.	 0.
0.00954	 0.	 0.	 0.	0.0000387211	 0.	 0.
0.00955	 0.	 0.	 0.	0.0000377936	 0.	 0.
0.00956	 0.	 0.	 0.	0.0000368883	 0.	 0.
0.00957	 0.	 0.	 0.	0.0000360047	 0.	 0.
0.00958	 0.	 0.	 0.	0.0000351422	 0.	 0.
0.00959	 0.	 0.	 0.	0.0000343004	 0.	 0.
0.0096	 0.	 0.	 0.	0.0000334788	 0.	 0.
0.00961	 0.	 0.	 0.	0.0000326768	 0.	 0.
0.00962	 0.	 0.	 0.	0.0000318941	 0.	 0.
0.00963	 0.	 0.	 0.	0.0000311301	 0.	 0.
0.00964	 0.	 0.	 0.	0.0000303844	 0.	 0.
0.00965	 0.	 0.	 0.	0.0000296566	 0.	 0.
0.00966	 0.	 0.	 0.	0.0000289462	 0.	 0.
0.00967	 0.	 0.	 0.	0.0000282528	 0.	 0.
0.00968	 0.	 0.	 0.	0.0000275761	 0.	 0.
0.00969	 0.	 0.	 0.	0.0000269155	 0.	 0.
0.0097	 0.	 0.	 0.	0.0000262708	 0.	 0.
0.00971	 0.	 0.	 0.	0.0000256415	 0.	 0.
0.00972	 0.	 0.	 0.	0.0000250273	 0.	 0.
0.00973	 0.	 0.	 0.	0.0000244278	 0.	 0.
0.00974	 0.	 0.	 0.	0.0000238427	 0.	 0.
0.00975	 0.	 0.	 0.	0.0000232715	 0.	 0.
0.00976	 0.	 0.	 0.	0.0000227141	 0.	 0.
0.00977	 0.	 0.	 0.	0.00002217	 0.	 0.
0.00978	 0.	 0.	 0.	0.0000216389	 0.	 0.
0.00979	 0.	 0.	 0.	0.0000211206	 0.	 0.
0.0098	 0.	 0.	 0.	0.0000206147	 0.	 0.
0.00981	 0.	 0.	 0.	0.0000201209	 0.	 0.
0.00982	 0.	 0.	 0.	0.0000196389	 0.	 0.
0.00983	 0.	 0.	 0.	0.0000191685	 0.	 0.
0.00984	 0.	 0.	 0.	0.0000187093	 0.	 0.
0.00985	 0.	 0.	 0.	0.0000182612	 0.	 0.
0.00986	 0.	 0.	 0.	0.0000178237	 0.	 0.
0.00987	 0.	 0.	 0.	0.0000173968	 0.	 0.
0.00988	 0.	 0.	 0.	0.0000169801	 0.	 0.
0.00989	 0.	 0.	 0.	0.0000165733	 0.	 0.
0.0099	 0.	 0.	 0.	0.0000161763	 0.	 0.
0.00991	 0.	 0.	 0.	0.0000157888	 0.	 0.
0.00992	 0.	 0.	 0.	0.0000154106	 0.	 0.
0.00993	 0.	 0.	 0.	0.0000150415	 0.	 0.
0.00994	 0.	 0.	 0.	0.0000146812	 0.	 0.
0.00995	 0.	 0.	 0.	0.0000143295	 0.	 0.
0.00996	 0.	 0.	 0.	0.0000139863	 0.	 0.
0.00997	 0.	 0.	 0.	0.0000136513	 0.	 0.
0.00998	 0.	 0.	 0.	0.0000133243	 0.	 0.
0.00999	 0.	 0.	 0.	0.0000130051	 0.	 0.
0.01	 0.	 0.	 0.	0.0000126936	 0.	 0.
