0.00005	0.	0.	0.	4.22195	0.	0.
0.00015	0.	0.	0.	3.9679	0.	0.
0.00025	0.	0.	0.	3.72914	0.	0.
0.00035	0.	0.	0.	3.50474	0.	0.
0.00045	0.	0.	0.	3.29384	0.	0.
0.00055	0.	0.	0.	3.09564	0.	0.
0.00065	0.	0.	0.	2.90936	0.	0.
0.00075	0.	0.	0.	2.73429	0.	0.
0.00085	0.	0.	0.	2.56976	0.	0.
0.00095	0.	0.	0.	2.41512	0.	0.
0.00105	0.	0.	0.	2.26979	0.	0.
0.00115	0.	0.	0.	2.13321	0.	0.
0.00125	0.	0.	0.	2.00485	0.	0.
0.00135	0.	0.	0.	1.88421	0.	0.
0.00145	0.	0.	0.	1.77083	0.	0.
0.00155	0.	0.	0.	1.66427	0.	0.
0.00165	0.	0.	0.	1.56412	0.	0.
0.00175	0.	0.	0.	1.47	0.	0.
0.00185	0.	0.	0.	1.38155	0.	0.
0.00195	0.	0.	0.	1.29841	0.	0.
0.00205	0.	0.	0.	1.22028	0.	0.
0.00215	0.	0.	0.	1.14685	0.	0.
0.00225	0.	0.	0.	1.07784	0.	0.
0.00235	0.	0.	0.	0.99936	0.	0.
0.00245	0.	0.	0.	0.92659	0.	0.
0.00255	0.	0.	0.	0.8677	0.	0.
0.00265	0.	0.	0.	0.82069	0.	0.
0.00275	0.	0.	0.	0.77622	0.	0.
0.00285	0.	0.	0.	0.71872	0.	0.
0.00295	0.	0.	0.	0.66548	0.	0.
0.00305	0.	0.	0.	0.61785	0.	0.
0.00315	0.	0.	0.	0.57519	0.	0.
0.00325	0.	0.	0.	0.53546	0.	0.
0.00335	0.	0.	0.	0.494570	0.	0.
0.00345	0.	0.	0.	0.45679	0.	0.
0.00355	0.	0.	0.	0.41876	0.	0.
0.00365	0.	0.	0.	0.38102	0.	0.
0.00375	0.	0.	0.	0.34669	0.	0.
0.00385	0.	0.	0.	0.31924	0.	0.
0.00395	0.	0.	0.	0.29389	0.	0.
0.00405	0.	0.	0.	0.26866	0.	0.
0.00415	0.	0.	0.	0.24384	0.	0.
0.00425	0.	0.	0.	0.22132	0.	0.
0.00435	0.	0.	0.	0.19805	0.	0.
0.00445	0.	0.	0.	0.17723	0.	0.
0.00455	0.	0.	0.	0.15854	0.	0.
0.00465	0.	0.	0.	0.14176	0.	0.
0.00475	0.	0.	0.	0.12675	0.	0.
0.00485	0.	0.	0.	0.1148	0.	0.
0.00495	0.	0.	0.	0.10398	0.	0.
0.00505	0.	0.	0.	0.09388	0.	0.
0.00515	0.	0.	0.	0.08449	0.	0.
0.00525	0.	0.	0.	0.07604	0.	0.
0.00535	0.	0.	0.	0.06786	0.	0.
0.00545	0.	0.	0.	0.06055	0.	0.
0.00555	0.	0.	0.	0.05392	0.	0.
0.00565	0.	0.	0.	0.04791	0.	0.
0.00575	0.	0.	0.	0.04258	0.	0.
0.00585	0.	0.	0.	0.03789	0.	0.
0.00595	0.	0.	0.	0.03372	0.	0.
0.00605	0.	0.	0.	0.029162	0.	0.
0.00615	0.	0.	0.	0.02449	0.	0.
0.00625	0.	0.	0.	0.02057	0.	0.
0.00635	0.	0.	0.	0.018583	0.	0.
0.00645	0.	0.	0.	0.016793	0.	0.
0.00655	0.	0.	0.	0.01489	0.	0.
0.00665	0.	0.	0.	0.01296	0.	0.
0.00675	0.	0.	0.	0.01128	0.	0.
0.00685	0.	0.	0.	0.00981	0.	0.
0.00695	0.	0.	0.	0.00853	0.	0.
0.00705	0.	0.	0.	0.00711	0.	0.
0.00715	0.	0.	0.	0.00569	0.	0.
0.00725	0.	0.	0.	0.00455	0.	0.
0.00735	0.	0.	0.	0.00381	0.	0.
0.00745	0.	0.	0.	0.00319	0.	0.
0.00755	0.	0.	0.	0.00266	0.	0.
0.00765	0.	0.	0.	0.0022	0.	0.
0.00775	0.	0.	0.	0.00182	0.	0.
0.00785	0.	0.	0.	0.00149	0.	0.
0.00795	0.	0.	0.	0.00122	0.	0.
0.00805	0.	0.	0.	0.001	0.	0.
0.00815	0.	0.	0.	0.00082	0.	0.
0.00825	0.	0.	0.	0.00068	0.	0.
0.00835	0.	0.	0.	0.00055	0.	0.
0.00845	0.	0.	0.	0.00045	0.	0.
0.00855	0.	0.	0.	0.00037	0.	0.
0.00865	0.	0.	0.	0.00031	0.	0.
0.00875	0.	0.	0.	0.00025	0.	0.
0.00885	0.	0.	0.	0.00021	0.	0.
0.00895	0.	0.	0.	0.00017	0.	0.
0.00905	0.	0.	0.	0.00014	0.	0.
0.00915	0.	0.	0.	0.00011	0.	0.
0.00925	0.	0.	0.	0.00009	0.	0.
0.00935	0.	0.	0.	0.00008	0.	0.
0.00945	0.	0.	0.	0.00006	0.	0.
0.00955	0.	0.	0.	0.00005	0.	0.
0.00965	0.	0.	0.	0.00004	0.	0.
0.00975	0.	0.	0.	0.000030	0.	0.
0.00985	0.	0.	0.	0.000030	0.	0.
0.00995	0.	0.	0.	0.00002	0.	0.
0.01005	0.	0.	0.	0.00002	0.	0.
0.01015	0.	0.	0.	0.00002	0.	0.
0.01025	0.	0.	0.	0.00001	0.	0.
0.01035	0.	0.	0.	0.00001	0.	0.
0.01045	0.	0.	0.	0.00001	0.	0.
0.01055	0.	0.	0.	0.00001	0.	0.
0.01065	0.	0.	0.	0.00001	0.	0.
0.01075	0.	0.	0.	0.	0.	0.
0.01085	0.	0.	0.	0.	0.	0.
0.01095	0.	0.	0.	0.	0.	0.
0.01105	0.	0.	0.	0.	0.	0.
0.01115	0.	0.	0.	0.	0.	0.
0.01125	0.	0.	0.	0.	0.	0.
0.01135	0.	0.	0.	0.	0.	0.
0.01145	0.	0.	0.	0.	0.	0.
0.01155	0.	0.	0.	0.	0.	0.
0.01165	0.	0.	0.	0.	0.	0.
0.01175	0.	0.	0.	0.	0.	0.
0.01185	0.	0.	0.	0.	0.	0.
0.01195	0.	0.	0.	0.	0.	0.
0.01205	0.	0.	0.	0.	0.	0.
0.01215	0.	0.	0.	0.	0.	0.
0.01225	0.	0.	0.	0.	0.	0.
0.01235	0.	0.	0.	0.	0.	0.
0.01245	0.	0.	0.	0.	0.	0.
0.01255	0.	0.	0.	0.	0.	0.
0.01265	0.	0.	0.	0.	0.	0.
0.01275	0.	0.	0.	0.	0.	0.
0.01285	0.	0.	0.	0.	0.	0.
0.01295	0.	0.	0.	0.	0.	0.
0.01305	0.	0.	0.	0.	0.	0.
0.01315	0.	0.	0.	0.	0.	0.
0.01325	0.	0.	0.	0.	0.	0.
0.01335	0.	0.	0.	0.	0.	0.
0.01345	0.	0.	0.	0.	0.	0.
0.01355	0.	0.	0.	0.	0.	0.
0.01365	0.	0.	0.	0.	0.	0.
0.01375	0.	0.	0.	0.	0.	0.
0.01385	0.	0.	0.	0.	0.	0.
0.01395	0.	0.	0.	0.	0.	0.
0.01405	0.	0.	0.	0.	0.	0.
0.01415	0.	0.	0.	0.	0.	0.
0.01425	0.	0.	0.	0.	0.	0.
0.01435	0.	0.	0.	0.	0.	0.
0.01445	0.	0.	0.	0.	0.	0.
0.01455	0.	0.	0.	0.	0.	0.
0.01465	0.	0.	0.	0.	0.	0.
0.01475	0.	0.	0.	0.	0.	0.
0.01485	0.	0.	0.	0.	0.	0.
0.01495	0.	0.	0.	0.	0.	0.
0.01505	0.	0.	0.	0.	0.	0.
0.01515	0.	0.	0.	0.	0.	0.
0.01525	0.	0.	0.	0.	0.	0.
0.01535	0.	0.	0.	0.	0.	0.
0.01545	0.	0.	0.	0.	0.	0.
0.01555	0.	0.	0.	0.	0.	0.
0.01565	0.	0.	0.	0.	0.	0.
0.01575	0.	0.	0.	0.	0.	0.
0.01585	0.	0.	0.	0.	0.	0.
0.01595	0.	0.	0.	0.	0.	0.
0.01605	0.	0.	0.	0.	0.	0.
0.01615	0.	0.	0.	0.	0.	0.
0.01625	0.	0.	0.	0.	0.	0.
0.01635	0.	0.	0.	0.	0.	0.
0.01645	0.	0.	0.	0.	0.	0.
0.01655	0.	0.	0.	0.	0.	0.
0.01665	0.	0.	0.	0.	0.	0.
0.01675	0.	0.	0.	0.	0.	0.
0.01685	0.	0.	0.	0.	0.	0.
0.01695	0.	0.	0.	0.	0.	0.
0.01705	0.	0.	0.	0.	0.	0.
0.01715	0.	0.	0.	0.	0.	0.
0.01725	0.	0.	0.	0.	0.	0.
0.01735	0.	0.	0.	0.	0.	0.
0.01745	0.	0.	0.	0.	0.	0.
0.01755	0.	0.	0.	0.	0.	0.
0.01765	0.	0.	0.	0.	0.	0.
0.01775	0.	0.	0.	0.	0.	0.
0.01785	0.	0.	0.	0.	0.	0.
0.01795	0.	0.	0.	0.	0.	0.
0.01805	0.	0.	0.	0.	0.	0.
0.01815	0.	0.	0.	0.	0.	0.
0.01825	0.	0.	0.	0.	0.	0.
0.01835	0.	0.	0.	0.	0.	0.
0.01845	0.	0.	0.	0.	0.	0.
0.01855	0.	0.	0.	0.	0.	0.
0.01865	0.	0.	0.	0.	0.	0.
0.01875	0.	0.	0.	0.	0.	0.
0.01885	0.	0.	0.	0.	0.	0.
0.01895	0.	0.	0.	0.	0.	0.
0.01905	0.	0.	0.	0.	0.	0.
0.01915	0.	0.	0.	0.	0.	0.
0.01925	0.	0.	0.	0.	0.	0.
0.01935	0.	0.	0.	0.	0.	0.
0.01945	0.	0.	0.	0.	0.	0.
0.01955	0.	0.	0.	0.	0.	0.
0.01965	0.	0.	0.	0.	0.	0.
0.01975	0.	0.	0.	0.	0.	0.
0.01985	0.	0.	0.	0.	0.	0.