-3.000000 -2.000000 63.638624
-3.000000 -1.920000 63.500830
-3.000000 -1.840000 63.347026
-3.000000 -1.760000 63.181718
-3.000000 -1.680000 63.037322
-3.000000 -1.600000 62.940071
-3.000000 -1.520000 62.916999
-3.000000 -1.440000 62.973068
-3.000000 -1.360000 63.088371
-3.000000 -1.280000 63.215708
-3.000000 -1.200000 63.315831
-3.000000 -1.120000 63.365628
-3.000000 -1.040000 63.358755
-3.000000 -0.960000 63.317099
-3.000000 -0.880000 63.288613
-3.000000 -0.800000 63.271457
-3.000000 -0.720000 63.280866
-3.000000 -0.640000 63.303351
-3.000000 -0.560000 63.290373
-3.000000 -0.480000 63.286901
-3.000000 -0.400000 63.297319
-3.000000 -0.320000 63.286498
-3.000000 -0.240000 63.292894
-3.000000 -0.160000 63.291960
-3.000000 -0.080000 63.291877
-3.000000 0.000000 63.290749
-3.000000 0.080000 63.291422
-3.000000 0.160000 63.289141
-3.000000 0.240000 63.292019
-3.000000 0.320000 63.294072
-3.000000 0.400000 63.294066
-3.000000 0.480000 63.291598
-3.000000 0.560000 63.291913
-3.000000 0.640000 63.292080
-3.000000 0.720000 63.289843
-3.000000 0.800000 63.291879
-3.000000 0.880000 63.295113
-3.000000 0.960000 63.299982
-3.000000 1.040000 63.301598
-3.000000 1.120000 63.284953
-3.000000 1.200000 63.290219
-3.000000 1.280000 63.290181
-3.000000 1.360000 63.290112
-3.000000 1.440000 63.289200
-3.000000 1.520000 63.290119
-3.000000 1.600000 63.290673
-3.000000 1.680000 63.292202
-3.000000 1.760000 63.291301
-3.000000 1.840000 63.291738
-3.000000 1.920000 63.291574
-3.000000 2.000000 63.291031
-2.940000 -2.000000 63.580169
-2.940000 -1.920000 63.422083
-2.940000 -1.840000 63.245745
-2.940000 -1.760000 63.056197
-2.940000 -1.680000 62.890691
-2.940000 -1.600000 62.779178
-2.940000 -1.520000 62.752715
-2.940000 -1.440000 62.817010
-2.940000 -1.360000 62.949177
-2.940000 -1.280000 63.095106
-2.940000 -1.200000 63.209957
-2.940000 -1.120000 63.267065
-2.940000 -1.040000 63.259182
-2.940000 -0.960000 63.211423
-2.940000 -0.880000 63.178751
-2.940000 -0.800000 63.159074
-2.940000 -0.720000 63.169863
-2.940000 -0.640000 63.195650
-2.940000 -0.560000 63.180766
-2.940000 -0.480000 63.176783
-2.940000 -0.400000 63.188734
-2.940000 -0.320000 63.176320
-2.940000 -0.240000 63.183657
-2.940000 -0.160000 63.182581
-2.940000 -0.080000 63.182497
-2.940000 0.000000 63.181195
-2.940000 0.080000 63.181969
-2.940000 0.160000 63.179350
-2.940000 0.240000 63.182650
-2.940000 0.320000 63.185009
-2.940000 0.400000 63.185002
-2.940000 0.480000 63.182170
-2.940000 0.560000 63.182532
-2.940000 0.640000 63.182725
-2.940000 0.720000 63.180158
-2.940000 0.800000 63.182494
-2.940000 0.880000 63.186203
-2.940000 0.960000 63.191786
-2.940000 1.040000 63.193639
-2.940000 1.120000 63.174549
-2.940000 1.200000 63.180589
-2.940000 1.280000 63.180546
-2.940000 1.360000 63.180466
-2.940000 1.440000 63.179421
-2.940000 1.520000 63.180475
-2.940000 1.600000 63.181110
-2.940000 1.680000 63.182863
-2.940000 1.760000 63.181830
-2.940000 1.840000 63.182332
-2.940000 1.920000 63.182143
-2.940000 2.000000 63.181520
-2.880000 -2.000000 63.513130
-2.880000 -1.920000 63.331785
-2.880000 -1.840000 63.129653
-2.880000 -1.760000 62.912355
-2.880000 -1.680000 62.722703
-2.880000 -1.600000 62.594859
-2.880000 -1.520000 62.564512
-2.880000 -1.440000 62.638228
-2.880000 -1.360000 62.789685
-2.880000 -1.280000 62.956876
-2.880000 -1.200000 63.088603
-2.880000 -1.120000 63.154084
-2.880000 -1.040000 63.145042
-2.880000 -0.960000 63.090299
-2.880000 -0.880000 63.052831
-2.880000 -0.800000 63.030267
-2.880000 -0.720000 63.042635
-2.880000 -0.640000 63.072206
-2.880000 -0.560000 63.055137
-2.880000 -0.480000 63.050569
-2.880000 -0.400000 63.064277
-2.880000 -0.320000 63.050036
-2.880000 -0.240000 63.058453
-2.880000 -0.160000 63.057211
-2.880000 -0.080000 63.057131
-2.880000 0.000000 63.055625
-2.880000 0.080000 63.056518
-2.880000 0.160000 63.053510
-2.880000 0.240000 63.057293
-2.880000 0.320000 63.060005
-2.880000 0.400000 63.059996
-2.880000 0.480000 63.056746
-2.880000 0.560000 63.057163
-2.880000 0.640000 63.057385
-2.880000 0.720000 63.054442
-2.880000 0.800000 63.057119
-2.880000 0.880000 63.061374
-2.880000 0.960000 63.067774
-2.880000 1.040000 63.069900
-2.880000 1.120000 63.048009
-2.880000 1.200000 63.054934
-2.880000 1.280000 63.054886
-2.880000 1.360000 63.054793
-2.880000 1.440000 63.053596
-2.880000 1.520000 63.054803
-2.880000 1.600000 63.055532
-2.880000 1.680000 63.057542
-2.880000 1.760000 63.056358
-2.880000 1.840000 63.056933
-2.880000 1.920000 63.056717
-2.880000 2.000000 63.056002
-2.820000 -2.000000 63.436260
-2.820000 -1.920000 63.228262
-2.820000 -1.840000 62.996620
-2.820000 -1.760000 62.747565
-2.820000 -1.680000 62.530308
-2.820000 -1.600000 62.383776
-2.820000 -1.520000 62.348981
-2.820000 -1.440000 62.433478
-2.820000 -1.360000 62.606993
-2.820000 -1.280000 62.798481
-2.820000 -1.200000 62.949540
-2.820000 -1.120000 63.024606
-2.820000 -1.040000 63.014237
-2.820000 -0.960000 62.951505
-2.820000 -0.880000 62.908544
-2.820000 -0.800000 62.882674
-2.820000 -0.720000 62.896850
-2.820000 -0.640000 62.930752
-2.820000 -0.560000 62.911182
-2.820000 -0.480000 62.905943
-2.820000 -0.400000 62.921665
-2.820000 -0.320000 62.905331
-2.820000 -0.240000 62.914984
-2.820000 -0.160000 62.913550
-2.820000 -0.080000 62.913480
-2.820000 0.000000 62.911737
-2.820000 0.080000 62.912766
-2.820000 0.160000 62.909312
-2.820000 0.240000 62.913648
-2.820000 0.320000 62.916766
-2.820000 0.400000 62.916754
-2.820000 0.480000 62.913025
-2.820000 0.560000 62.913506
-2.820000 0.640000 62.913762
-2.820000 0.720000 62.910387
-2.820000 0.800000 62.913455
-2.820000 0.880000 62.918334
-2.820000 0.960000 62.925669
-2.820000 1.040000 62.928108
-2.820000 1.120000 62.903011
-2.820000 1.200000 62.910950
-2.820000 1.280000 62.910895
-2.820000 1.360000 62.910788
-2.820000 1.440000 62.909416
-2.820000 1.520000 62.910800
-2.820000 1.600000 62.911635
-2.820000 1.680000 62.913940
-2.820000 1.760000 62.912582
-2.820000 1.840000 62.913241
-2.820000 1.920000 62.912993
-2.820000 2.000000 62.912174
-2.760000 -2.000000 63.348134
-2.760000 -1.920000 63.109602
-2.760000 -1.840000 62.844217
-2.760000 -1.760000 62.558841
-2.760000 -1.680000 62.310045
-2.760000 -1.600000 62.142137
-2.760000 -1.520000 62.102249
-2.760000 -1.440000 62.199081
-2.760000 -1.360000 62.397800
-2.760000 -1.280000 62.617034
-2.760000 -1.200000 62.790231
-2.760000 -1.120000 62.876266
-2.760000 -1.040000 62.864376
-2.760000 -0.960000 62.792510
-2.760000 -0.880000 62.743261
-2.760000 -0.800000 62.713606
-2.760000 -0.720000 62.729851
-2.760000 -0.640000 62.768710
-2.760000 -0.560000 62.746276
-2.760000 -0.480000 62.740269
-2.760000 -0.400000 62.758298
-2.760000 -0.320000 62.739566
-2.760000 -0.240000 62.750635
-2.760000 -0.160000 62.748978
-2.760000 -0.080000 62.748926
-2.760000 0.000000 62.746908
-2.760000 0.080000 62.748094
-2.760000 0.160000 62.744128
-2.760000 0.240000 62.749097
-2.760000 0.320000 62.752680
-2.760000 0.400000 62.752666
-2.760000 0.480000 62.748387
-2.760000 0.560000 62.748942
-2.760000 0.640000 62.749237
-2.760000 0.720000 62.745367
-2.760000 0.800000 62.748882
-2.760000 0.880000 62.754477
-2.760000 0.960000 62.762882
-2.760000 1.040000 62.765678
-2.760000 1.120000 62.736912
-2.760000 1.200000 62.746011
-2.760000 1.280000 62.745949
-2.760000 1.360000 62.745825
-2.760000 1.440000 62.744254
-2.760000 1.520000 62.745840
-2.760000 1.600000 62.746796
-2.760000 1.680000 62.749438
-2.760000 1.760000 62.747882
-2.760000 1.840000 62.748637
-2.760000 1.920000 62.748353
-2.760000 2.000000 62.747415
-2.700000 -2.000000 63.247126
-2.700000 -1.920000 62.973627
-2.700000 -1.840000 62.669683
-2.700000 -1.760000 62.342788
-2.700000 -1.680000 62.057988
-2.700000 -1.600000 61.865641
-2.700000 -1.520000 61.819927
-2.700000 -1.440000 61.930863
-2.700000 -1.360000 62.158359
-2.700000 -1.280000 62.409252
-2.700000 -1.200000 62.607789
-2.700000 -1.120000 62.706369
-2.700000 -1.040000 62.692739
-2.700000 -0.960000 62.610437
-2.700000 -0.880000 62.553992
-2.700000 -0.800000 62.520008
-2.700000 -0.720000 62.538617
-2.700000 -0.640000 62.583147
-2.700000 -0.560000 62.557437
-2.700000 -0.480000 62.550551
-2.700000 -0.400000 62.571220
-2.700000 -0.320000 62.549742
-2.700000 -0.240000 62.562433
-2.700000 -0.160000 62.560516
-2.700000 -0.080000 62.560493
-2.700000 0.000000 62.558153
-2.700000 0.080000 62.559521
-2.700000 0.160000 62.554967
-2.700000 0.240000 62.560659
-2.700000 0.320000 62.564780
-2.700000 0.400000 62.564762
-2.700000 0.480000 62.559854
-2.700000 0.560000 62.560494
-2.700000 0.640000 62.560834
-2.700000 0.720000 62.556399
-2.700000 0.800000 62.560424
-2.700000 0.880000 62.566839
-2.700000 0.960000 62.576466
-2.700000 1.040000 62.579672
-2.700000 1.120000 62.546707
-2.700000 1.200000 62.557134
-2.700000 1.280000 62.557063
-2.700000 1.360000 62.556920
-2.700000 1.440000 62.555121
-2.700000 1.520000 62.556938
-2.700000 1.600000 62.558033
-2.700000 1.680000 62.561061
-2.700000 1.760000 62.559278
-2.700000 1.840000 62.560143
-2.700000 1.920000 62.559818
-2.700000 2.000000 62.558742
-2.640000 -2.000000 63.131384
-2.640000 -1.920000 62.817855
-2.640000 -1.840000 62.469881
-2.640000 -1.760000 62.095557
-2.640000 -1.680000 61.769691
-2.640000 -1.600000 61.549425
-2.640000 -1.520000 61.497048
-2.640000 -1.440000 61.624100
-2.640000 -1.360000 61.884426
-2.640000 -1.280000 62.171407
-2.640000 -1.200000 62.398937
-2.640000 -1.120000 62.511856
-2.640000 -1.040000 62.496235
-2.640000 -0.960000 62.402017
-2.640000 -0.880000 62.337344
-2.640000 -0.800000 62.298408
-2.640000 -0.720000 62.319719
-2.640000 -0.640000 62.370732
-2.640000 -0.560000 62.341275
-2.640000 -0.480000 62.333383
-2.640000 -0.400000 62.357075
-2.640000 -0.320000 62.332454
-2.640000 -0.240000 62.347002
-2.640000 -0.160000 62.344782
-2.640000 -0.080000 62.344804
-2.640000 0.000000 62.342086
-2.640000 0.080000 62.343667
-2.640000 0.160000 62.338436
-2.640000 0.240000 62.344955
-2.640000 0.320000 62.349694
-2.640000 0.400000 62.349672
-2.640000 0.480000 62.344041
-2.640000 0.560000 62.344780
-2.640000 0.640000 62.345173
-2.640000 0.720000 62.340091
-2.640000 0.800000 62.344700
-2.640000 0.880000 62.352052
-2.640000 0.960000 62.363075
-2.640000 1.040000 62.366750
-2.640000 1.120000 62.328986
-2.640000 1.200000 62.340930
-2.640000 1.280000 62.340850
-2.640000 1.360000 62.340683
-2.640000 1.440000 62.338625
-2.640000 1.520000 62.340706
-2.640000 1.600000 62.341960
-2.640000 1.680000 62.345429
-2.640000 1.760000 62.343387
-2.640000 1.840000 62.344377
-2.640000 1.920000 62.344004
-2.640000 2.000000 62.342772
-2.580000 -2.000000 62.998799
-2.580000 -1.920000 62.639465
-2.580000 -1.840000 62.241256
-2.580000 -1.760000 61.812796
-2.580000 -1.680000 61.440139
-2.580000 -1.600000 61.188000
-2.580000 -1.520000 61.128008
-2.580000 -1.440000 61.273463
-2.580000 -1.360000 61.571205
-2.580000 -1.280000 61.899274
-2.580000 -1.200000 62.159959
-2.580000 -1.120000 62.289257
-2.580000 -1.040000 62.271359
-2.580000 -0.960000 62.163548
-2.580000 -0.880000 62.089470
-2.580000 -0.800000 62.044876
-2.580000 -0.720000 62.069270
-2.580000 -0.640000 62.127691
-2.580000 -0.560000 62.093953
-2.580000 -0.480000 62.084910
-2.580000 -0.400000 62.112059
-2.580000 -0.320000 62.083841
-2.580000 -0.240000 62.100513
-2.580000 -0.160000 62.097940
-2.580000 -0.080000 62.098030
-2.580000 0.000000 62.094868
-2.580000 0.080000 62.096695
-2.580000 0.160000 62.090689
-2.580000 0.240000 62.098151
-2.580000 0.320000 62.103603
-2.580000 0.400000 62.103575
-2.580000 0.480000 62.097116
-2.580000 0.560000 62.097971
-2.580000 0.640000 62.098425
-2.580000 0.720000 62.092602
-2.580000 0.800000 62.097877
-2.580000 0.880000 62.106301
-2.580000 0.960000 62.118918
-2.580000 1.040000 62.123130
-2.580000 1.120000 62.079882
-2.580000 1.200000 62.093559
-2.580000 1.280000 62.093470
-2.580000 1.360000 62.093276
-2.580000 1.440000 62.090921
-2.580000 1.520000 62.093303
-2.580000 1.600000 62.094739
-2.580000 1.680000 62.098711
-2.580000 1.760000 62.096373
-2.580000 1.840000 62.097507
-2.580000 1.920000 62.097080
-2.580000 2.000000 62.095669
-2.520000 -2.000000 62.846971
-2.520000 -1.920000 62.435253
-2.520000 -1.840000 61.979785
-2.520000 -1.760000 61.489590
-2.520000 -1.680000 61.063682
-2.520000 -1.600000 60.775192
-2.520000 -1.520000 60.706502
-2.520000 -1.440000 60.872952
-2.520000 -1.360000 61.213285
-2.520000 -1.280000 61.588077
-2.520000 -1.200000 61.886651
-2.520000 -1.120000 62.034644
-2.520000 -1.040000 62.014143
-2.520000 -0.960000 61.890842
-2.520000 -0.880000 61.806022
-2.520000 -0.800000 61.754967
-2.520000 -0.720000 61.782878
-2.520000 -0.640000 61.849756
-2.520000 -0.560000 61.811128
-2.520000 -0.480000 61.800770
-2.520000 -0.400000 61.831873
-2.520000 -0.320000 61.799541
-2.520000 -0.240000 61.818641
-2.520000 -0.160000 61.815655
-2.520000 -0.080000 61.815842
-2.520000 0.000000 61.812159
-2.520000 0.080000 61.814272
-2.520000 0.160000 61.807374
-2.520000 0.240000 61.815912
-2.520000 0.320000 61.822186
-2.520000 0.400000 61.822150
-2.520000 0.480000 61.814744
-2.520000 0.560000 61.815733
-2.520000 0.640000 61.816258
-2.520000 0.720000 61.809590
-2.520000 0.800000 61.815623
-2.520000 0.880000 61.825273
-2.520000 0.960000 61.839707
-2.520000 1.040000 61.844533
-2.520000 1.120000 61.795024
-2.520000 1.200000 61.810679
-2.520000 1.280000 61.810579
-2.520000 1.360000 61.810354
-2.520000 1.440000 61.807662
-2.520000 1.520000 61.810387
-2.520000 1.600000 61.812030
-2.520000 1.680000 61.816578
-2.520000 1.760000 61.813902
-2.520000 1.840000 61.815199
-2.520000 1.920000 61.814710
-2.520000 2.000000 61.813095
-2.460000 -2.000000 62.673178
-2.460000 -1.920000 62.201584
-2.460000 -1.840000 61.680929
-2.460000 -1.760000 61.120405
-2.460000 -1.680000 60.633982
-2.460000 -1.600000 60.304073
-2.460000 -1.520000 60.225458
-2.460000 -1.440000 60.415837
-2.460000 -1.360000 60.804589
-2.460000 -1.280000 61.232426
-2.460000 -1.200000 61.574270
-2.460000 -1.120000 61.743581
-2.460000 -1.040000 61.720107
-2.460000 -0.960000 61.579175
-2.460000 -0.880000 61.482094
-2.460000 -0.800000 61.423667
-2.460000 -0.720000 61.455585
-2.460000 -0.640000 61.532111
-2.460000 -0.560000 61.487903
-2.460000 -0.480000 61.476043
-2.460000 -0.400000 61.511663
-2.460000 -0.320000 61.474629
-2.460000 -0.240000 61.496505
-2.460000 -0.160000 61.493033
-2.460000 -0.080000 61.493360
-2.460000 0.000000 61.489060
-2.460000 0.080000 61.491508
-2.460000 0.160000 61.483585
-2.460000 0.240000 61.493350
-2.460000 0.320000 61.500571
-2.460000 0.400000 61.500526
-2.460000 0.480000 61.492034
-2.460000 0.560000 61.493179
-2.460000 0.640000 61.493786
-2.460000 0.720000 61.486154
-2.460000 0.800000 61.493051
-2.460000 0.880000 61.504102
-2.460000 0.960000 61.520604
-2.460000 1.040000 61.526133
-2.460000 1.120000 61.469481
-2.460000 1.200000 61.487392
-2.460000 1.280000 61.487282
-2.460000 1.360000 61.487018
-2.460000 1.440000 61.483943
-2.460000 1.520000 61.487059
-2.460000 1.600000 61.488938
-2.460000 1.680000 61.494143
-2.460000 1.760000 61.491081
-2.460000 1.840000 61.492565
-2.460000 1.920000 61.492005
-2.460000 2.000000 61.490157
-2.400000 -2.000000 62.474333
-2.400000 -1.920000 61.934350
-2.400000 -1.840000 61.339579
-2.400000 -1.760000 60.699039
-2.400000 -1.680000 60.143956
-2.400000 -1.600000 59.766914
-2.400000 -1.520000 59.676983
-2.400000 -1.440000 59.894603
-2.400000 -1.360000 60.338310
-2.400000 -1.280000 60.826261
-2.400000 -1.200000 61.217478
-2.400000 -1.120000 61.411071
-2.400000 -1.040000 61.384205
-2.400000 -0.960000 61.223231
-2.400000 -0.880000 61.112172
-2.400000 -0.800000 61.045341
-2.400000 -0.720000 61.081820
-2.400000 -0.640000 61.169340
-2.400000 -0.560000 61.118771
-2.400000 -0.480000 61.105197
-2.400000 -0.400000 61.145973
-2.400000 -0.320000 61.103570
-2.400000 -0.240000 61.128615
-2.400000 -0.160000 61.124572
-2.400000 -0.080000 61.125094
-2.400000 0.000000 61.120065
-2.400000 0.080000 61.122903
-2.400000 0.160000 61.113803
-2.400000 0.240000 61.124963
-2.400000 0.320000 61.133278
-2.400000 0.400000 61.133221
-2.400000 0.480000 61.123486
-2.400000 0.560000 61.124814
-2.400000 0.640000 61.125518
-2.400000 0.720000 61.116784
-2.400000 0.800000 61.124664
-2.400000 0.880000 61.137313
-2.400000 0.960000 61.156169
-2.400000 1.040000 61.162500
-2.400000 1.120000 61.097710
-2.400000 1.200000 61.118191
-2.400000 1.280000 61.118068
-2.400000 1.360000 61.117761
-2.400000 1.440000 61.114251
-2.400000 1.520000 61.117811
-2.400000 1.600000 61.119958
-2.400000 1.680000 61.125911
-2.400000 1.760000 61.122410
-2.400000 1.840000 61.124107
-2.400000 1.920000 61.123465
-2.400000 2.000000 61.121353
-2.340000 -2.000000 62.246946
-2.340000 -1.920000 61.628913
-2.340000 -1.840000 60.950007
-2.340000 -1.760000 60.218558
-2.340000 -1.680000 59.585729
-2.340000 -1.600000 59.155126
-2.340000 -1.520000 59.052307
-2.340000 -1.440000 59.300897
-2.340000 -1.360000 59.806860
-2.340000 -1.280000 60.362790
-2.340000 -1.200000 60.810291
-2.340000 -1.120000 61.031509
-2.340000 -1.040000 61.000774
-2.340000 -0.960000 60.817057
-2.340000 -0.880000 60.690076
-2.340000 -0.800000 60.613678
-2.340000 -0.720000 60.655340
-2.340000 -0.640000 60.755372
-2.340000 -0.560000 60.697561
-2.340000 -0.480000 60.682032
-2.340000 -0.400000 60.728690
-2.340000 -0.320000 60.680158
-2.340000 -0.240000 60.708819
-2.340000 -0.160000 60.704104
-2.340000 -0.080000 60.704897
-2.340000 0.000000 60.699000
-2.340000 0.080000 60.702294
-2.340000 0.160000 60.691842
-2.340000 0.240000 60.704588
-2.340000 0.320000 60.714167
-2.340000 0.400000 60.714095
-2.340000 0.480000 60.702938
-2.340000 0.560000 60.704478
-2.340000 0.640000 60.705295
-2.340000 0.720000 60.695308
-2.340000 0.800000 60.704303
-2.340000 0.880000 60.718775
-2.340000 0.960000 60.740305
-2.340000 1.040000 60.747551
-2.340000 1.120000 60.673496
-2.340000 1.200000 60.696902
-2.340000 1.280000 60.696768
-2.340000 1.360000 60.696407
-2.340000 1.440000 60.692404
-2.340000 1.520000 60.696470
-2.340000 1.600000 60.698922
-2.340000 1.680000 60.705727
-2.340000 1.760000 60.701726
-2.340000 1.840000 60.703665
-2.340000 1.920000 60.702931
-2.340000 2.000000 60.700518
-2.280000 -2.000000 61.987080
-2.280000 -1.920000 61.280056
-2.280000 -1.840000 60.505816
-2.280000 -1.760000 59.671261
-2.280000 -1.680000 58.950596
-2.280000 -1.600000 58.459227
-2.280000 -1.520000 58.341750
-2.280000 -1.440000 58.625495
-2.280000 -1.360000 59.201829
-2.280000 -1.280000 59.834437
-2.280000 -1.200000 60.346027
-2.280000 -1.120000 60.598626
-2.280000 -1.040000 60.563485
-2.280000 -0.960000 60.354007
-2.280000 -0.880000 60.208915
-2.280000 -0.800000 60.121638
-2.280000 -0.720000 60.169179
-2.280000 -0.640000 60.283434
-2.280000 -0.560000 60.217386
-2.280000 -0.480000 60.199631
-2.280000 -0.400000 60.252993
-2.280000 -0.320000 60.197474
-2.280000 -0.240000 60.230256
-2.280000 -0.160000 60.224744
-2.280000 -0.080000 60.225910
-2.280000 0.000000 60.218978
-2.280000 0.080000 60.222808
-2.280000 0.160000 60.210801
-2.280000 0.240000 60.225348
-2.280000 0.320000 60.236388
-2.280000 0.400000 60.236295
-2.280000 0.480000 60.223512
-2.280000 0.560000 60.225303
-2.280000 0.640000 60.226252
-2.280000 0.720000 60.214838
-2.280000 0.800000 60.225097
-2.280000 0.880000 60.241646
-2.280000 0.960000 60.266208
-2.280000 1.040000 60.274496
-2.280000 1.120000 60.189912
-2.280000 1.200000 60.216641
-2.280000 1.280000 60.216495
-2.280000 1.360000 60.216072
-2.280000 1.440000 60.211511
-2.280000 1.520000 60.216150
-2.280000 1.600000 60.218947
-2.280000 1.680000 60.226721
-2.280000 1.760000 60.222153
-2.280000 1.840000 60.224366
-2.280000 1.920000 60.223527
-2.280000 2.000000 60.220771
-2.220000 -2.000000 61.690309
-2.220000 -1.920000 60.881927
-2.220000 -1.840000 59.999901
-2.220000 -1.760000 59.048638
-2.220000 -1.680000 58.229007
-2.220000 -1.600000 57.668835
-2.220000 -1.520000 57.534711
-2.220000 -1.440000 57.858286
-2.220000 -1.360000 58.513957
-2.220000 -1.280000 59.232793
-2.220000 -1.200000 59.817264
-2.220000 -1.120000 60.105450
-2.220000 -1.040000 60.065298
-2.220000 -0.960000 59.826705
-2.220000 -0.880000 59.661042
-2.220000 -0.800000 59.561414
-2.220000 -0.720000 59.615614
-2.220000 -0.640000 59.746008
-2.220000 -0.560000 59.670607
-2.220000 -0.480000 59.650319
-2.220000 -0.400000 59.711312
-2.220000 -0.320000 59.647834
-2.220000 -0.240000 59.685308
-2.220000 -0.160000 59.678851
-2.220000 -0.080000 59.680527
-2.220000 0.000000 59.672355
-2.220000 0.080000 59.676816
-2.220000 0.160000 59.663022
-2.220000 0.240000 59.679607
-2.220000 0.320000 59.692338
-2.220000 0.400000 59.692219
-2.220000 0.480000 59.677576
-2.220000 0.560000 59.679663
-2.220000 0.640000 59.680768
-2.220000 0.720000 59.667731
-2.220000 0.800000 59.679420
-2.220000 0.880000 59.698332
-2.220000 0.960000 59.726324
-2.220000 1.040000 59.735801
-2.220000 1.120000 59.639268
-2.220000 1.200000 59.669766
-2.220000 1.280000 59.669609
-2.220000 1.360000 59.669110
-2.220000 1.440000 59.663921
-2.220000 1.520000 59.669209
-2.220000 1.600000 59.672396
-2.220000 1.680000 59.681270
-2.220000 1.760000 59.676059
-2.220000 1.840000 59.678582
-2.220000 1.920000 59.677624
-2.220000 2.000000 59.674480
-2.160000 -2.000000 61.351673
-2.160000 -1.920000 60.427995
-2.160000 -1.840000 59.424417
-2.160000 -1.760000 58.341361
-2.160000 -1.680000 57.410586
-2.160000 -1.600000 56.772689
-2.160000 -1.520000 56.619693
-2.160000 -1.440000 56.988296
-2.160000 -1.360000 57.733133
-2.160000 -1.280000 58.548587
-2.160000 -1.200000 59.215809
-2.160000 -1.120000 59.544269
-2.160000 -1.040000 59.498426
-2.160000 -0.960000 59.227017
-2.160000 -0.880000 59.038030
-2.160000 -0.800000 58.924405
-2.160000 -0.720000 58.986126
-2.160000 -0.640000 59.134801
-2.160000 -0.560000 59.048799
-2.160000 -0.480000 59.025634
-2.160000 -0.400000 59.095301
-2.160000 -0.320000 59.022771
-2.160000 -0.240000 59.065579
-2.160000 -0.160000 59.057995
-2.160000 -0.080000 59.060364
-2.160000 0.000000 59.050700
-2.160000 0.080000 59.055905
-2.160000 0.160000 59.040058
-2.160000 0.240000 59.058946
-2.160000 0.320000 59.073636
-2.160000 0.400000 59.073482
-2.160000 0.480000 59.056717
-2.160000 0.560000 59.059151
-2.160000 0.640000 59.060440
-2.160000 0.720000 59.045563
-2.160000 0.800000 59.058864
-2.160000 0.880000 59.080461
-2.160000 0.960000 59.112326
-2.160000 1.040000 59.123154
-2.160000 1.120000 59.013087
-2.160000 1.200000 59.047852
-2.160000 1.280000 59.047685
-2.160000 1.360000 59.047097
-2.160000 1.440000 59.041200
-2.160000 1.520000 59.047221
-2.160000 1.600000 59.050850
-2.160000 1.680000 59.060970
-2.160000 1.760000 59.055031
-2.160000 1.840000 59.057905
-2.160000 1.920000 59.056810
-2.160000 2.000000 59.053228
-2.100000 -2.000000 60.965639
-2.100000 -1.920000 59.911005
-2.100000 -1.840000 58.770769
-2.100000 -1.760000 57.539305
-2.100000 -1.680000 56.484194
-2.100000 -1.600000 55.758731
-2.100000 -1.520000 55.584386
-2.100000 -1.440000 56.003762
-2.100000 -1.360000 56.848436
-2.100000 -1.280000 57.771680
-2.100000 -1.200000 58.532690
-2.100000 -1.120000 58.906620
-2.100000 -1.040000 58.854324
-2.100000 -0.960000 58.546043
-2.100000 -0.880000 58.330664
-2.100000 -0.800000 58.201212
-2.100000 -0.720000 58.271408
-2.100000 -0.640000 58.440740
-2.100000 -0.560000 58.342748
-2.100000 -0.480000 58.316322
-2.100000 -0.400000 58.395831
-2.100000 -0.320000 58.313020
-2.100000 -0.240000 58.361884
-2.100000 -0.160000 58.352953
-2.100000 -0.080000 58.356258
-2.100000 0.000000 58.344792
-2.100000 0.080000 58.350878
-2.100000 0.160000 58.332670
-2.100000 0.240000 58.354154
-2.100000 0.320000 58.371116
-2.100000 0.400000 58.370917
-2.100000 0.480000 58.351729
-2.100000 0.560000 58.354575
-2.100000 0.640000 58.356080
-2.100000 0.720000 58.339119
-2.100000 0.800000 58.354234
-2.100000 0.880000 58.378877
-2.100000 0.960000 58.415101
-2.100000 1.040000 58.427464
-2.100000 1.120000 58.302102
-2.100000 1.200000 58.341686
-2.100000 1.280000 58.341513
-2.100000 1.360000 58.340816
-2.100000 1.440000 58.334127
-2.100000 1.520000 58.340973
-2.100000 1.600000 58.345099
-2.100000 1.680000 58.356628
-2.100000 1.760000 58.349867
-2.100000 1.840000 58.353137
-2.100000 1.920000 58.351888
-2.100000 2.000000 58.347811
-2.040000 -2.000000 60.526065
-2.040000 -1.920000 59.322950
-2.040000 -1.840000 58.029636
-2.040000 -1.760000 56.631611
-2.040000 -1.680000 55.438060
-2.040000 -1.600000 54.614268
-2.040000 -1.520000 54.415829
-2.040000 -1.440000 54.892279
-2.040000 -1.360000 55.848237
-2.040000 -1.280000 56.891093
-2.040000 -1.200000 57.758176
-2.040000 -1.120000 58.183298
-2.040000 -1.040000 58.123700
-2.040000 -0.960000 57.774146
-2.040000 -0.880000 57.528978
-2.040000 -0.800000 57.381675
-2.040000 -0.720000 57.461386
-2.040000 -0.640000 57.654001
-2.040000 -0.560000 57.542482
-2.040000 -0.480000 57.512365
-2.040000 -0.400000 57.603024
-2.040000 -0.320000 57.508555
-2.040000 -0.240000 57.564282
-2.040000 -0.160000 57.553732
-2.040000 -0.080000 57.558299
-2.040000 0.000000 57.544645
-2.040000 0.080000 57.551778
-2.040000 0.160000 57.530855
-2.040000 0.240000 57.555254
-2.040000 0.320000 57.574857
-2.040000 0.400000 57.574599
-2.040000 0.480000 57.552647
-2.040000 0.560000 57.555983
-2.040000 0.640000 57.557746
-2.040000 0.720000 57.538430
-2.040000 0.800000 57.555577
-2.040000 0.880000 57.583668
-2.040000 0.960000 57.624782
-2.040000 1.040000 57.638886
-2.040000 1.120000 57.496284
-2.040000 1.200000 57.541295
-2.040000 1.280000 57.541121
-2.040000 1.360000 57.540292
-2.040000 1.440000 57.532720
-2.040000 1.520000 57.540491
-2.040000 1.600000 57.545176
-2.040000 1.680000 57.558294
-2.040000 1.760000 57.550607
-2.040000 1.840000 57.554322
-2.040000 1.920000 57.552899
-2.040000 2.000000 57.548265
-1.980000 -2.000000 60.026183
-1.980000 -1.920000 58.655059
-1.980000 -1.840000 57.191035
-1.980000 -1.760000 55.606829
-1.980000 -1.680000 54.260015
-1.980000 -1.600000 53.326239
-1.980000 -1.520000 53.100690
-1.980000 -1.440000 53.641059
-1.980000 -1.360000 54.720378
-1.980000 -1.280000 55.895104
-1.980000 -1.200000 56.881850
-1.980000 -1.120000 57.364409
-1.980000 -1.040000 57.296570
-1.980000 -0.960000 56.901028
-1.980000 -0.880000 56.622331
-1.980000 -0.800000 56.454954
-1.980000 -0.720000 56.545311
-1.980000 -0.640000 56.764084
-1.980000 -0.560000 56.637348
-1.980000 -0.480000 56.603066
-1.980000 -0.400000 56.706324
-1.980000 -0.320000 56.598666
-1.980000 -0.240000 56.662151
-1.980000 -0.160000 56.649650
-1.980000 -0.080000 56.655910
-1.980000 0.000000 56.639591
-1.980000 0.080000 56.647971
-1.980000 0.160000 56.623925
-1.980000 0.240000 56.651586
-1.980000 0.320000 56.674260
-1.980000 0.400000 56.673926
-1.980000 0.480000 56.648828
-1.980000 0.560000 56.652747
-1.980000 0.640000 56.654816
-1.980000 0.720000 56.632848
-1.980000 0.800000 56.652262
-1.980000 0.880000 56.684246
-1.980000 0.960000 56.730822
-1.980000 1.040000 56.746896
-1.980000 1.120000 56.584925
-1.980000 1.200000 56.636029
-1.980000 1.280000 56.635861
-1.980000 1.360000 56.634872
-1.980000 1.440000 56.626319
-1.980000 1.520000 56.635126
-1.980000 1.600000 56.640434
-1.980000 1.680000 56.655338
-1.980000 1.760000 56.646613
-1.980000 1.840000 56.650827
-1.980000 1.920000 56.649208
-1.980000 2.000000 56.643948
-1.920000 -2.000000 59.458591
-1.920000 -1.920000 57.897826
-1.920000 -1.840000 56.244450
-1.920000 -1.760000 54.453143
-1.920000 -1.680000 52.937861
-1.920000 -1.600000 51.881647
-1.920000 -1.520000 51.625698
-1.920000 -1.440000 52.237334
-1.920000 -1.360000 53.452476
-1.920000 -1.280000 54.771406
-1.920000 -1.200000 55.892744
-1.920000 -1.120000 56.439483
-1.920000 -1.040000 56.362370
-1.920000 -0.960000 55.915874
-1.920000 -0.880000 55.599569
-1.920000 -0.800000 55.409702
-1.920000 -0.720000 55.511910
-1.920000 -0.640000 55.759959
-1.920000 -0.560000 55.616169
-1.920000 -0.480000 55.577198
-1.920000 -0.400000 55.694658
-1.920000 -0.320000 55.572113
-1.920000 -0.240000 55.644348
-1.920000 -0.160000 55.629481
-1.920000 -0.080000 55.638011
-1.920000 0.000000 55.618425
-1.920000 0.080000 55.628298
-1.920000 0.160000 55.600660
-1.920000 0.240000 55.631954
-1.920000 0.320000 55.658208
-1.920000 0.400000 55.657773
-1.920000 0.480000 55.629096
-1.920000 0.560000 55.633713
-1.920000 0.640000 55.636149
-1.920000 0.720000 55.611201
-1.920000 0.800000 55.633131
-1.920000 0.880000 55.669501
-1.920000 0.960000 55.722149
-1.920000 1.040000 55.740445
-1.920000 1.120000 55.556795
-1.920000 1.200000 55.614712
-1.920000 1.280000 55.614561
-1.920000 1.360000 55.613376
-1.920000 1.440000 55.603742
-1.920000 1.520000 55.613701
-1.920000 1.600000 55.619702
-1.920000 1.680000 55.636607
-1.920000 1.760000 55.626723
-1.920000 1.840000 55.631492
-1.920000 1.920000 55.629652
-1.920000 2.000000 55.623693
-1.860000 -2.000000 58.815277
-1.860000 -1.920000 57.041069
-1.860000 -1.840000 55.179057
-1.860000 -1.760000 53.158751
-1.860000 -1.680000 51.459929
-1.860000 -1.600000 50.268198
-1.860000 -1.520000 49.978308
-1.860000 -1.440000 50.668971
-1.860000 -1.360000 52.032394
-1.860000 -1.280000 53.507397
-1.860000 -1.200000 54.779576
-1.860000 -1.120000 55.397677
-1.860000 -1.040000 55.310162
-1.860000 -0.960000 54.807596
-1.860000 -0.880000 54.449285
-1.860000 -0.800000 54.234329
-1.860000 -0.720000 54.349656
-1.860000 -0.640000 54.630321
-1.860000 -0.560000 54.467497
-1.860000 -0.480000 54.423266
-1.860000 -0.400000 54.556683
-1.860000 -0.320000 54.417384
-1.860000 -0.240000 54.499457
-1.860000 -0.160000 54.481712
-1.860000 -0.080000 54.493273
-1.860000 0.000000 54.469667
-1.860000 0.080000 54.481335
-1.860000 0.160000 54.449561
-1.860000 0.240000 54.484880
-1.860000 0.320000 54.515314
-1.860000 0.400000 54.514747
-1.860000 0.480000 54.482005
-1.860000 0.560000 54.487462
-1.860000 0.640000 54.490336
-1.860000 0.720000 54.462054
-1.860000 0.800000 54.486759
-1.860000 0.880000 54.528053
-1.860000 0.960000 54.587407
-1.860000 1.040000 54.608206
-1.860000 1.120000 54.400403
-1.860000 1.200000 54.465899
-1.860000 1.280000 54.465782
-1.860000 1.360000 54.464355
-1.860000 1.440000 54.453541
-1.860000 1.520000 54.464773
-1.860000 1.600000 54.471540
-1.860000 1.680000 54.490677
-1.860000 1.760000 54.479503
-1.860000 1.840000 54.484888
-1.860000 1.920000 54.482801
-1.860000 2.000000 54.476066
-1.800000 -2.000000 58.087686
-1.800000 -1.920000 56.074075
-1.800000 -1.840000 53.984073
-1.800000 -1.760000 51.712425
-1.800000 -1.680000 49.815904
-1.800000 -1.600000 48.475250
-1.800000 -1.520000 48.147656
-1.800000 -1.440000 48.925367
-1.800000 -1.360000 50.448936
-1.800000 -1.280000 52.090617
-1.800000 -1.200000 53.531118
-1.800000 -1.120000 54.228087
-1.800000 -1.040000 54.128955
-1.800000 -0.960000 53.565219
-1.800000 -0.880000 53.160223
-1.800000 -0.800000 52.917429
-1.800000 -0.720000 53.047175
-1.800000 -0.640000 53.363971
-1.800000 -0.560000 53.180017
-1.800000 -0.480000 53.129911
-1.800000 -0.400000 53.281189
-1.800000 -0.320000 53.123100
-1.800000 -0.240000 53.216193
-1.800000 -0.160000 53.194927
-1.800000 -0.080000 53.210532
-1.800000 0.000000 53.181955
-1.800000 0.080000 53.195788
-1.800000 0.160000 53.159254
-1.800000 0.240000 53.198998
-1.800000 0.320000 53.234324
-1.800000 0.400000 53.233585
-1.800000 0.480000 53.196235
-1.800000 0.560000 53.202703
-1.800000 0.640000 53.206108
-1.800000 0.720000 53.174113
-1.800000 0.800000 53.201853
-1.800000 0.880000 53.248652
-1.800000 0.960000 53.315358
-1.800000 1.040000 53.338963
-1.800000 1.120000 53.104401
-1.800000 1.200000 53.178280
-1.800000 1.280000 53.178220
-1.800000 1.360000 53.176496
-1.800000 1.440000 53.164403
-1.800000 1.520000 53.177033
-1.800000 1.600000 53.184642
-1.800000 1.680000 53.206254
-1.800000 1.760000 53.193655
-1.800000 1.840000 53.199719
-1.800000 1.920000 53.197355
-1.800000 2.000000 53.189763
-1.740000 -2.000000 57.266842
-1.740000 -1.920000 54.985825
-1.740000 -1.840000 52.649291
-1.740000 -1.760000 50.104329
-1.740000 -1.680000 47.998002
-1.740000 -1.600000 46.495159
-1.740000 -1.520000 46.125942
-1.740000 -1.440000 46.998735
-1.740000 -1.360000 48.692858
-1.740000 -1.280000 50.509411
-1.740000 -1.200000 52.136756
-1.740000 -1.120000 52.920233
-1.740000 -1.040000 52.808193
-1.740000 -0.960000 52.178453
-1.740000 -0.880000 51.721892
-1.740000 -0.800000 51.448413
-1.740000 -0.720000 51.593864
-1.740000 -0.640000 51.950411
-1.740000 -0.560000 51.743147
-1.740000 -0.480000 51.686512
-1.740000 -0.400000 51.857691
-1.740000 -0.320000 51.678616
-1.740000 -0.240000 51.784000
-1.740000 -0.160000 51.758408
-1.740000 -0.080000 51.779397
-1.740000 0.000000 51.744643
-1.740000 0.080000 51.761101
-1.740000 0.160000 51.719086
-1.740000 0.240000 51.763652
-1.740000 0.320000 51.804717
-1.740000 0.400000 51.803753
-1.740000 0.480000 51.761188
-1.740000 0.560000 51.768884
-1.740000 0.640000 51.772929
-1.740000 0.720000 51.736825
-1.740000 0.800000 51.767849
-1.740000 0.880000 51.820774
-1.740000 0.960000 51.895463
-1.740000 1.040000 51.922202
-1.740000 1.120000 51.658198
-1.740000 1.200000 51.741284
-1.740000 1.280000 51.741311
-1.740000 1.360000 51.739219
-1.740000 1.440000 51.725762
-1.740000 1.520000 51.739912
-1.740000 1.600000 51.748435
-1.740000 1.680000 51.772775
-1.740000 1.760000 51.758613
-1.740000 1.840000 51.765419
-1.740000 1.920000 51.762747
-1.740000 2.000000 51.754216
-1.680000 -2.000000 56.343558
-1.680000 -1.920000 53.765356
-1.680000 -1.840000 51.165849
-1.680000 -1.760000 48.327209
-1.680000 -1.680000 46.002642
-1.680000 -1.600000 44.325176
-1.680000 -1.520000 43.910371
-1.680000 -1.440000 44.885922
-1.680000 -1.360000 46.758309
-1.680000 -1.280000 48.753889
-1.680000 -1.200000 50.587304
-1.680000 -1.120000 51.464775
-1.680000 -1.040000 51.338479
-1.680000 -0.960000 50.638532
-1.680000 -0.880000 50.125453
-1.680000 -0.800000 49.818423
-1.680000 -0.720000 49.980788
-1.680000 -0.640000 50.380688
-1.680000 -0.560000 50.147916
-1.680000 -0.480000 50.084069
-1.680000 -0.400000 50.277298
-1.680000 -0.320000 50.074903
-1.680000 -0.240000 50.193919
-1.680000 -0.160000 50.162987
-1.680000 -0.080000 50.191137
-1.680000 0.000000 50.148672
-1.680000 0.080000 50.168327
-1.680000 0.160000 50.119996
-1.680000 0.240000 50.169761
-1.680000 0.320000 50.217576
-1.680000 0.400000 50.216316
-1.680000 0.480000 50.167864
-1.680000 0.560000 50.177056
-1.680000 0.640000 50.181880
-1.680000 0.720000 50.141258
-1.680000 0.800000 50.175791
-1.680000 0.880000 50.235491
-1.680000 0.960000 50.318742
-1.680000 1.040000 50.348965
-1.680000 1.120000 50.052847
-1.680000 1.200000 50.145949
-1.680000 1.280000 50.146108
-1.680000 1.360000 50.143556
-1.680000 1.440000 50.128669
-1.680000 1.520000 50.144453
-1.680000 1.600000 50.153958
-1.680000 1.680000 50.181279
-1.680000 1.760000 50.165420
-1.680000 1.840000 50.173026
-1.680000 1.920000 50.170016
-1.680000 2.000000 50.160466
-1.620000 -2.000000 55.308756
-1.620000 -1.920000 52.402311
-1.620000 -1.840000 49.527348
-1.620000 -1.760000 46.378051
-1.620000 -1.680000 43.832770
-1.620000 -1.600000 41.970094
-1.620000 -1.520000 41.505848
-1.620000 -1.440000 42.590932
-1.620000 -1.360000 44.644847
-1.620000 -1.280000 46.817304
-1.620000 -1.200000 48.876171
-1.620000 -1.120000 49.854533
-1.620000 -1.040000 49.712616
-1.620000 -0.960000 48.939409
-1.620000 -0.880000 48.364976
-1.620000 -0.800000 48.021642
-1.620000 -0.720000 48.201951
-1.620000 -0.640000 48.648614
-1.620000 -0.560000 48.388210
-1.620000 -0.480000 48.316457
-1.620000 -0.400000 48.533949
-1.620000 -0.320000 48.305802
-1.620000 -0.240000 48.439840
-1.620000 -0.160000 48.402284
-1.620000 -0.080000 48.439943
-1.620000 0.000000 48.387811
-1.620000 0.080000 48.411378
-1.620000 0.160000 48.355766
-1.620000 0.240000 48.411054
-1.620000 0.320000 48.466830
-1.620000 0.400000 48.465181
-1.620000 0.480000 48.410106
-1.620000 0.560000 48.421127
-1.620000 0.640000 48.426904
-1.620000 0.720000 48.381357
-1.620000 0.800000 48.419573
-1.620000 0.880000 48.486715
-1.620000 0.960000 48.578998
-1.620000 1.040000 48.613068
-1.620000 1.120000 48.282306
-1.620000 1.200000 48.386178
-1.620000 1.280000 48.386530
-1.620000 1.360000 48.383403
-1.620000 1.440000 48.367052
-1.620000 1.520000 48.384565
-1.620000 1.600000 48.395108
-1.620000 1.680000 48.425652
-1.620000 1.760000 48.407972
-1.620000 1.840000 48.416432
-1.620000 1.920000 48.413051
-1.620000 2.000000 48.402408
-1.560000 -2.000000 54.153956
-1.560000 -1.920000 50.887736
-1.560000 -1.840000 47.731408
-1.560000 -1.760000 44.260404
-1.560000 -1.680000 41.501070
-1.560000 -1.600000 39.445898
-1.560000 -1.520000 38.928708
-1.560000 -1.440000 40.128413
-1.560000 -1.360000 42.360238
-1.560000 -1.280000 44.697978
-1.560000 -1.200000 47.001001
-1.560000 -1.120000 48.085939
-1.560000 -1.040000 47.927069
-1.560000 -0.960000 47.079435
-1.560000 -0.880000 46.439227
-1.560000 -0.800000 46.057133
-1.560000 -0.720000 46.256099
-1.560000 -0.640000 46.752480
-1.560000 -0.560000 46.462531
-1.560000 -0.480000 46.382195
-1.560000 -0.400000 46.626156
-1.560000 -0.320000 46.369788
-1.560000 -0.240000 46.520244
-1.560000 -0.160000 46.474431
-1.560000 -0.080000 46.524708
-1.560000 0.000000 46.460401
-1.560000 0.080000 46.488780
-1.560000 0.160000 46.424768
-1.560000 0.240000 46.485809
-1.560000 0.320000 46.551005
-1.560000 0.400000 46.548846
-1.560000 0.480000 46.486342
-1.560000 0.560000 46.499612
-1.560000 0.640000 46.506557
-1.560000 0.720000 46.455706
-1.560000 0.800000 46.497695
-1.560000 0.880000 46.572933
-1.560000 0.960000 46.674536
-1.560000 1.040000 46.712823
-1.560000 1.120000 46.345220
-1.560000 1.200000 46.460496
-1.560000 1.280000 46.461122
-1.560000 1.360000 46.457272
-1.560000 1.440000 46.439478
-1.560000 1.520000 46.458783
-1.560000 1.600000 46.470399
-1.560000 1.680000 46.504382
-1.560000 1.760000 46.484779
-1.560000 1.840000 46.494133
-1.560000 1.920000 46.490349
-1.560000 2.000000 46.478555
-1.500000 -2.000000 52.871978
-1.500000 -1.920000 49.215222
-1.500000 -1.840000 45.781851
-1.500000 -1.760000 41.987585
-1.500000 -1.680000 39.034373
-1.500000 -1.600000 36.784748
-1.500000 -1.520000 36.211812
-1.500000 -1.440000 37.528434
-1.500000 -1.360000 39.924306
-1.500000 -1.280000 42.401985
-1.500000 -1.200000 44.965964
-1.500000 -1.120000 46.161054
-1.500000 -1.040000 45.984018
-1.500000 -0.960000 45.063700
-1.500000 -0.880000 44.354122
-1.500000 -0.800000 43.931379
-1.500000 -0.720000 44.149203
-1.500000 -0.640000 44.697429
-1.500000 -0.560000 44.376434
-1.500000 -0.480000 44.286895
-1.500000 -0.400000 44.559416
-1.500000 -0.320000 44.272422
-1.500000 -0.240000 44.440632
-1.500000 -0.160000 44.384484
-1.500000 -0.080000 44.451487
-1.500000 0.000000 44.371786
-1.500000 0.080000 44.406108
-1.500000 0.160000 44.332404
-1.500000 0.240000 44.399273
-1.500000 0.320000 44.475652
-1.500000 0.400000 44.472822
-1.500000 0.480000 44.402021
-1.500000 0.560000 44.418070
-1.500000 0.640000 44.426457
-1.500000 0.720000 44.369975
-1.500000 0.800000 44.415693
-1.500000 0.880000 44.499638
-1.500000 0.960000 44.610557
-1.500000 1.040000 44.653421
-1.500000 1.120000 44.247391
-1.500000 1.200000 44.374492
-1.500000 1.280000 44.375504
-1.500000 1.360000 44.370741
-1.500000 1.440000 44.351601
-1.500000 1.520000 44.372706
-1.500000 1.600000 44.385400
-1.500000 1.680000 44.422986
-1.500000 1.760000 44.401396
-1.500000 1.840000 44.411661
-1.500000 1.920000 44.407448
-1.500000 2.000000 44.394466
-1.440000 -2.000000 51.457952
-1.440000 -1.920000 47.382513
-1.440000 -1.840000 43.691702
-1.440000 -1.760000 39.587062
-1.440000 -1.680000 36.479649
-1.440000 -1.600000 34.041783
-1.440000 -1.520000 33.411485
-1.440000 -1.440000 34.842987
-1.440000 -1.360000 37.374185
-1.440000 -1.280000 39.946851
-1.440000 -1.200000 42.784906
-1.440000 -1.120000 44.090371
-1.440000 -1.040000 43.894185
-1.440000 -0.960000 42.907249
-1.440000 -0.880000 42.126134
-1.440000 -0.800000 41.661798
-1.440000 -0.720000 41.897894
-1.440000 -0.640000 42.498742
-1.440000 -0.560000 42.145891
-1.440000 -0.480000 42.046646
-1.440000 -0.400000 42.349544
-1.440000 -0.320000 42.029727
-1.440000 -0.240000 42.216878
-1.440000 -0.160000 42.147735
-1.440000 -0.080000 42.236894
-1.440000 0.000000 42.137651
-1.440000 0.080000 42.179350
-1.440000 0.160000 42.094450
-1.440000 0.240000 42.166987
-1.440000 0.320000 42.256692
-1.440000 0.400000 42.252980
-1.440000 0.480000 42.172960
-1.440000 0.560000 42.192459
-1.440000 0.640000 42.202631
-1.440000 0.720000 42.140289
-1.440000 0.800000 42.189497
-1.440000 0.880000 42.282662
-1.440000 0.960000 42.402452
-1.440000 1.040000 42.450223
-1.440000 1.120000 42.005175
-1.440000 1.200000 42.144180
-1.440000 1.280000 42.145729
-1.440000 1.360000 42.139809
-1.440000 1.440000 42.119535
-1.440000 1.520000 42.142370
-1.440000 1.600000 42.156097
-1.440000 1.680000 42.197362
-1.440000 1.760000 42.173785
-1.440000 1.840000 42.184945
-1.440000 1.920000 42.180279
-1.440000 2.000000 42.166112
-1.380000 -2.000000 49.910727
-1.380000 -1.920000 45.393747
-1.380000 -1.840000 41.487304
-1.380000 -1.760000 37.106430
-1.380000 -1.680000 33.912138
-1.380000 -1.600000 31.304307
-1.380000 -1.520000 30.616909
-1.380000 -1.440000 32.154790
-1.380000 -1.360000 34.771464
-1.380000 -1.280000 37.366601
-1.380000 -1.200000 40.485668
-1.380000 -1.120000 41.896637
-1.380000 -1.040000 41.680719
-1.380000 -0.960000 40.639486
-1.380000 -0.880000 39.786924
-1.380000 -0.800000 39.281528
-1.380000 -0.720000 39.534148
-1.380000 -0.640000 40.186313
-1.380000 -0.560000 39.801884
-1.380000 -0.480000 39.692626
-1.380000 -0.400000 40.027219
-1.380000 -0.320000 39.672805
-1.380000 -0.240000 39.879799
-1.380000 -0.160000 39.794247
-1.380000 -0.080000 39.912737
-1.380000 0.000000 39.788595
-1.380000 0.080000 39.839493
-1.380000 0.160000 39.741652
-1.380000 0.240000 39.819348
-1.380000 0.320000 39.924992
-1.380000 0.400000 39.920120
-1.380000 0.480000 39.829919
-1.380000 0.560000 39.853719
-1.380000 0.640000 39.866116
-1.380000 0.720000 39.797843
-1.380000 0.800000 39.850014
-1.380000 0.880000 39.952741
-1.380000 0.960000 40.080309
-1.380000 1.040000 40.133253
-1.380000 1.120000 39.650134
-1.380000 1.200000 39.800604
-1.380000 1.280000 39.802892
-1.380000 1.360000 39.795500
-1.380000 1.440000 39.774465
-1.380000 1.520000 39.798841
-1.380000 1.600000 39.813484
-1.380000 1.680000 39.858374
-1.380000 1.760000 39.832899
-1.380000 1.840000 39.844888
-1.380000 1.920000 39.839758
-1.380000 2.000000 39.824465
-1.320000 -2.000000 48.234844
-1.320000 -1.920000 43.262542
-1.320000 -1.840000 39.213908
-1.320000 -1.760000 34.621496
-1.320000 -1.680000 31.446318
-1.320000 -1.600000 28.704201
-1.320000 -1.520000 27.962792
-1.320000 -1.440000 29.589165
-1.320000 -1.360000 32.211836
-1.320000 -1.280000 34.718626
-1.320000 -1.200000 38.115953
-1.320000 -1.120000 39.620082
-1.320000 -1.040000 39.384478
-1.320000 -0.960000 38.310157
-1.320000 -0.880000 37.389656
-1.320000 -0.800000 36.845944
-1.320000 -0.720000 37.111662
-1.320000 -0.640000 37.810748
-1.320000 -0.560000 37.396650
-1.320000 -0.480000 37.277390
-1.320000 -0.400000 37.644178
-1.320000 -0.320000 37.254109
-1.320000 -0.240000 37.481376
-1.320000 -0.160000 37.375024
-1.320000 -0.080000 37.532319
-1.320000 0.000000 37.376346
-1.320000 0.080000 37.438768
-1.320000 0.160000 37.325952
-1.320000 0.240000 37.407794
-1.320000 0.320000 37.532581
-1.320000 0.400000 37.526183
-1.320000 0.480000 37.424826
-1.320000 0.560000 37.454014
-1.320000 0.640000 37.469191
-1.320000 0.720000 37.395163
-1.320000 0.800000 37.449357
-1.320000 0.880000 37.561714
-1.320000 0.960000 37.695039
-1.320000 1.040000 37.753318
-1.320000 1.120000 37.235354
-1.320000 1.200000 37.396082
-1.320000 1.280000 37.399381
-1.320000 1.360000 37.390109
-1.320000 1.440000 37.368914
-1.320000 1.520000 37.394474
-1.320000 1.600000 37.409813
-1.320000 1.680000 37.458072
-1.320000 1.760000 37.430926
-1.320000 1.840000 37.443604
-1.320000 1.920000 37.438013
-1.320000 2.000000 37.421738
-1.260000 -2.000000 46.443231
-1.260000 -1.920000 41.016219
-1.260000 -1.840000 36.943251
-1.260000 -1.760000 32.247197
-1.260000 -1.680000 29.250657
-1.260000 -1.600000 26.434589
-1.260000 -1.520000 25.646390
-1.260000 -1.440000 27.330011
-1.260000 -1.360000 29.838097
-1.260000 -1.280000 32.092984
-1.260000 -1.200000 35.751281
-1.260000 -1.120000 37.325494
-1.260000 -1.040000 37.071205
-1.260000 -0.960000 35.997454
-1.260000 -0.880000 35.017525
-1.260000 -0.800000 34.441456
-1.260000 -0.720000 34.714470
-1.260000 -0.640000 35.451612
-1.260000 -0.560000 35.012133
-1.260000 -0.480000 34.883357
-1.260000 -0.400000 35.281580
-1.260000 -0.320000 34.855937
-1.260000 -0.240000 35.103175
-1.260000 -0.160000 34.970354
-1.260000 -0.080000 35.178965
-1.260000 0.000000 34.982170
-1.260000 0.080000 35.059090
-1.260000 0.160000 34.928929
-1.260000 0.240000 35.013186
-1.260000 0.320000 35.161063
-1.260000 0.400000 35.152657
-1.260000 0.480000 35.039194
-1.260000 0.560000 35.075160
-1.260000 0.640000 35.093831
-1.260000 0.720000 35.014581
-1.260000 0.800000 35.069282
-1.260000 0.880000 35.190917
-1.260000 0.960000 35.326670
-1.260000 1.040000 35.390275
-1.260000 1.120000 34.843996
-1.260000 1.200000 35.012670
-1.260000 1.280000 35.017343
-1.260000 1.360000 35.005663
-1.260000 1.440000 34.985226
-1.260000 1.520000 35.011373
-1.260000 1.600000 35.027041
-1.260000 1.680000 35.078125
-1.260000 1.760000 35.049730
-1.260000 1.840000 35.062853
-1.260000 1.920000 35.056827
-1.260000 2.000000 35.039833
-1.200000 -2.000000 44.560911
-1.200000 -1.920000 38.701550
-1.200000 -1.840000 34.783772
-1.200000 -1.760000 30.152269
-1.200000 -1.680000 27.567389
-1.200000 -1.600000 24.772181
-1.200000 -1.520000 23.950330
-1.200000 -1.440000 25.641203
-1.200000 -1.360000 27.857599
-1.200000 -1.280000 29.624915
-1.200000 -1.200000 33.505706
-1.200000 -1.120000 35.111772
-1.200000 -1.040000 34.841194
-1.200000 -0.960000 33.818930
-1.200000 -0.880000 32.795259
-1.200000 -0.800000 32.197377
-1.200000 -0.720000 32.468562
-1.200000 -0.640000 33.228547
-1.200000 -0.560000 32.771374
-1.200000 -0.480000 32.634267
-1.200000 -0.400000 33.061291
-1.200000 -0.320000 32.601877
-1.200000 -0.240000 32.867681
-1.200000 -0.160000 32.701064
-1.200000 -0.080000 32.977504
-1.200000 0.000000 32.728204
-1.200000 0.080000 32.823440
-1.200000 0.160000 32.673164
-1.200000 0.240000 32.757104
-1.200000 0.320000 32.932955
-1.200000 0.400000 32.921906
-1.200000 0.480000 32.795471
-1.200000 0.560000 32.840001
-1.200000 0.640000 32.863079
-1.200000 0.720000 32.779662
-1.200000 0.800000 32.832552
-1.200000 0.880000 32.962494
-1.200000 0.960000 33.095521
-1.200000 1.040000 33.164188
-1.200000 1.120000 32.600808
-1.200000 1.200000 32.773558
-1.200000 1.280000 32.780090
-1.200000 1.360000 32.765317
-1.200000 1.440000 32.746989
-1.200000 1.520000 32.772792
-1.200000 1.600000 32.788220
-1.200000 1.680000 32.841170
-1.200000 1.760000 32.812223
-1.200000 1.840000 32.825402
-1.200000 1.920000 32.819002
-1.200000 2.000000 32.801720
-1.140000 -2.000000 42.630016
-1.140000 -1.920000 36.392540
-1.140000 -1.840000 32.894339
-1.140000 -1.760000 28.578911
-1.140000 -1.680000 26.738970
-1.140000 -1.600000 24.107146
-1.140000 -1.520000 23.273117
-1.140000 -1.440000 24.895224
-1.140000 -1.360000 26.565627
-1.140000 -1.280000 27.511670
-1.140000 -1.200000 31.546223
-1.140000 -1.120000 33.124777
-1.140000 -1.040000 32.842304
-1.140000 -0.960000 31.946164
-1.140000 -0.880000 30.904554
-1.140000 -0.800000 30.301846
-1.140000 -0.720000 30.557477
-1.140000 -0.640000 31.316202
-1.140000 -0.560000 30.853805
-1.140000 -0.480000 30.710553
-1.140000 -0.400000 31.161034
-1.140000 -0.320000 30.672168
-1.140000 -0.240000 30.953541
-1.140000 -0.160000 30.743628
-1.140000 -0.080000 31.109695
-1.140000 0.000000 30.792683
-1.140000 0.080000 30.911149
-1.140000 0.160000 30.737515
-1.140000 0.240000 30.817018
-1.140000 0.320000 31.026915
-1.140000 0.400000 31.012388
-1.140000 0.480000 30.872281
-1.140000 0.560000 30.927671
-1.140000 0.640000 30.956332
-1.140000 0.720000 30.870542
-1.140000 0.800000 30.918197
-1.140000 0.880000 31.054584
-1.140000 0.960000 31.177213
-1.140000 1.040000 31.250305
-1.140000 1.120000 30.687606
-1.140000 1.200000 30.858378
-1.140000 1.280000 30.867417
-1.140000 1.360000 30.848659
-1.140000 1.440000 30.834387
-1.140000 1.520000 30.858453
-1.140000 1.600000 30.872791
-1.140000 1.680000 30.926069
-1.140000 1.760000 30.897652
-1.140000 1.840000 30.910292
-1.140000 1.920000 30.903629
-1.140000 2.000000 30.886726
-1.080000 -2.000000 40.716593
-1.080000 -1.920000 34.200911
-1.080000 -1.840000 31.502652
-1.080000 -1.760000 27.869089
-1.080000 -1.680000 27.243394
-1.080000 -1.600000 24.982978
-1.080000 -1.520000 24.169846
-1.080000 -1.440000 25.611362
-1.080000 -1.360000 26.376613
-1.080000 -1.280000 26.035045
-1.080000 -1.200000 30.112074
-1.080000 -1.120000 31.574563
-1.080000 -1.040000 31.287409
-1.080000 -0.960000 30.624407
-1.080000 -0.880000 29.604758
-1.080000 -0.800000 29.023164
-1.080000 -0.720000 29.243202
-1.080000 -0.640000 29.964247
-1.080000 -0.560000 29.515745
-1.080000 -0.480000 29.369947
-1.080000 -0.400000 29.834688
-1.080000 -0.320000 29.324298
-1.080000 -0.240000 29.615967
-1.080000 -0.160000 29.350425
-1.080000 -0.080000 29.834878
-1.080000 0.000000 29.430333
-1.080000 0.080000 29.578373
-1.080000 0.160000 29.377574
-1.080000 0.240000 29.446611
-1.080000 0.320000 29.698142
-1.080000 0.400000 29.679036
-1.080000 0.480000 29.524841
-1.080000 0.560000 29.594057
-1.080000 0.640000 29.629816
-1.080000 0.720000 29.544479
-1.080000 0.800000 29.581964
-1.080000 0.880000 29.721676
-1.080000 0.960000 29.822786
-1.080000 1.040000 29.899128
-1.080000 1.120000 29.363990
-1.080000 1.200000 29.523718
-1.080000 1.280000 29.536124
-1.080000 1.360000 29.512219
-1.080000 1.440000 29.504761
-1.080000 1.520000 29.525062
-1.080000 1.600000 29.537073
-1.080000 1.680000 29.588335
-1.080000 1.760000 29.562060
-1.080000 1.840000 29.573290
-1.080000 1.920000 29.566542
-1.080000 2.000000 29.551009
-1.020000 -2.000000 38.919752
-1.020000 -1.920000 32.290197
-1.020000 -1.840000 30.929835
-1.020000 -1.760000 28.499629
-1.020000 -1.680000 29.741239
-1.020000 -1.600000 28.149586
-1.020000 -1.520000 27.406436
-1.020000 -1.440000 28.506609
-1.020000 -1.360000 27.865776
-1.020000 -1.280000 25.591502
-1.020000 -1.200000 29.540554
-1.020000 -1.120000 30.758422
-1.020000 -1.040000 30.477729
-1.020000 -0.960000 30.198842
-1.020000 -0.880000 29.260511
-1.020000 -0.800000 28.738296
-1.020000 -0.720000 28.894086
-1.020000 -0.640000 29.524103
-1.020000 -0.560000 29.117779
-1.020000 -0.480000 28.975005
-1.020000 -0.400000 29.439414
-1.020000 -0.320000 28.920514
-1.020000 -0.240000 29.214012
-1.020000 -0.160000 28.876797
-1.020000 -0.080000 29.517583
-1.020000 0.000000 28.999635
-1.020000 0.080000 29.185451
-1.020000 0.160000 28.953007
-1.020000 0.240000 29.002951
-1.020000 0.320000 29.305632
-1.020000 0.400000 29.280496
-1.020000 0.480000 29.112251
-1.020000 0.560000 29.199128
-1.020000 0.640000 29.243943
-1.020000 0.720000 29.163318
-1.020000 0.800000 29.183643
-1.020000 0.880000 29.321799
-1.020000 0.960000 29.385572
-1.020000 1.040000 29.463232
-1.020000 1.120000 28.995043
-1.020000 1.200000 29.130523
-1.020000 1.280000 29.147442
-1.020000 1.360000 29.116872
-1.020000 1.440000 29.120078
-1.020000 1.520000 29.133723
-1.020000 1.600000 29.141648
-1.020000 1.680000 29.187441
-1.020000 1.760000 29.165647
-1.020000 1.840000 29.174212
-1.020000 1.920000 29.167655
-1.020000 2.000000 29.154929
-0.960000 -2.000000 37.383962
-0.960000 -1.920000 30.894625
-0.960000 -1.840000 31.623257
-0.960000 -1.760000 31.128967
-0.960000 -1.680000 35.138269
-0.960000 -1.600000 34.633932
-0.960000 -1.520000 34.031758
-0.960000 -1.440000 34.563353
-0.960000 -1.360000 31.824547
-0.960000 -1.280000 26.732339
-0.960000 -1.200000 30.301442
-0.960000 -1.120000 31.091653
-0.960000 -1.040000 30.833981
-0.960000 -0.960000 31.149599
-0.960000 -0.880000 30.378594
-0.960000 -0.800000 29.970873
-0.960000 -0.720000 30.022078
-0.960000 -0.640000 30.484614
-0.960000 -0.560000 30.161288
-0.960000 -0.480000 30.029822
-0.960000 -0.400000 30.471827
-0.960000 -0.320000 29.964521
-0.960000 -0.240000 30.246945
-0.960000 -0.160000 29.817157
-0.960000 -0.080000 30.664331
-0.960000 0.000000 29.999174
-0.960000 0.080000 30.233403
-0.960000 0.160000 29.964026
-0.960000 0.240000 29.982717
-0.960000 0.320000 30.348538
-0.960000 0.400000 30.315461
-0.960000 0.480000 30.133887
-0.960000 0.560000 30.243397
-0.960000 0.640000 30.299805
-0.960000 0.720000 30.230113
-0.960000 0.800000 30.223506
-0.960000 0.880000 30.352793
-0.960000 0.960000 30.357049
-0.960000 1.040000 30.433042
-0.960000 1.120000 30.088260
-0.960000 1.200000 30.180650
-0.960000 1.280000 30.203601
-0.960000 1.360000 30.164388
-0.960000 1.440000 30.183582
-0.960000 1.520000 30.186511
-0.960000 1.600000 30.187876
-0.960000 1.680000 30.223233
-0.960000 1.760000 30.209248
-0.960000 1.840000 30.213378
-0.960000 1.920000 30.207417
-0.960000 2.000000 30.199540
-0.900000 -2.000000 36.315504
-0.900000 -1.920000 30.344347
-0.900000 -1.840000 34.200231
-0.900000 -1.760000 36.659341
-0.900000 -1.680000 44.668597
-0.900000 -1.600000 45.833841
-0.900000 -1.520000 45.473462
-0.900000 -1.440000 45.119320
-0.900000 -1.360000 39.334247
-0.900000 -1.280000 30.217183
-0.900000 -1.200000 33.042851
-0.900000 -1.120000 33.148538
-0.900000 -1.040000 32.937874
-0.900000 -0.960000 34.138391
-0.900000 -0.880000 33.657000
-0.900000 -0.800000 33.441795
-0.900000 -0.720000 33.332292
-0.900000 -0.640000 33.519530
-0.900000 -0.560000 33.337072
-0.900000 -0.480000 33.228923
-0.900000 -0.400000 33.616169
-0.900000 -0.320000 33.150339
-0.900000 -0.240000 33.402682
-0.900000 -0.160000 32.853057
-0.900000 -0.080000 33.972639
-0.900000 0.000000 33.116056
-0.900000 0.080000 33.412510
-0.900000 0.160000 33.099941
-0.900000 0.240000 33.070448
-0.900000 0.320000 33.514578
-0.900000 0.400000 33.471043
-0.900000 0.480000 33.277858
-0.900000 0.560000 33.416458
-0.900000 0.640000 33.487752
-0.900000 0.720000 33.437894
-0.900000 0.800000 33.390839
-0.900000 0.880000 33.500604
-0.900000 0.960000 33.414578
-0.900000 1.040000 33.484463
-0.900000 1.120000 33.342721
-0.900000 1.200000 33.365538
-0.900000 1.280000 33.396537
-0.900000 1.360000 33.346089
-0.900000 1.440000 33.388578
-0.900000 1.520000 33.375148
-0.900000 1.600000 33.366521
-0.900000 1.680000 33.384415
-0.900000 1.760000 33.382909
-0.900000 1.840000 33.380130
-0.900000 1.920000 33.375354
-0.900000 2.000000 33.375188
-0.840000 -2.000000 36.004454
-0.840000 -1.920000 31.099096
-0.840000 -1.840000 39.506127
-0.840000 -1.760000 46.319383
-0.840000 -1.680000 60.005058
-0.840000 -1.600000 63.642502
-0.840000 -1.520000 63.665123
-0.840000 -1.440000 61.986917
-0.840000 -1.360000 51.863917
-0.840000 -1.280000 37.085108
-0.840000 -1.200000 38.652193
-0.840000 -1.120000 37.716862
-0.840000 -1.040000 37.587301
-0.840000 -0.960000 40.070502
-0.840000 -0.880000 40.050163
-0.840000 -0.800000 40.136485
-0.840000 -0.720000 39.788911
-0.840000 -0.640000 39.550644
-0.840000 -0.560000 39.590000
-0.840000 -0.480000 39.522244
-0.840000 -0.400000 39.808340
-0.840000 -0.320000 39.427267
-0.840000 -0.240000 39.622172
-0.840000 -0.160000 38.917100
-0.840000 -0.080000 40.396161
-0.840000 0.000000 39.290262
-0.840000 0.080000 39.666907
-0.840000 0.160000 39.303714
-0.840000 0.240000 39.202684
-0.840000 0.320000 39.744382
-0.840000 0.400000 39.687073
-0.840000 0.480000 39.485430
-0.840000 0.560000 39.661518
-0.840000 0.640000 39.751980
-0.840000 0.720000 39.734496
-0.840000 0.800000 39.628439
-0.840000 0.880000 39.703481
-0.840000 0.960000 39.484866
-0.840000 1.040000 39.542211
-0.840000 1.120000 39.714464
-0.840000 1.200000 39.630901
-0.840000 1.280000 39.672619
-0.840000 1.360000 39.607548
-0.840000 1.440000 39.683290
-0.840000 1.520000 39.645734
-0.840000 1.600000 39.622390
-0.840000 1.680000 39.613009
-0.840000 1.760000 39.630462
-0.840000 1.840000 39.617357
-0.840000 1.920000 39.614599
-0.840000 2.000000 39.626111
-0.780000 -2.000000 36.853966
-0.780000 -1.920000 33.792984
-0.780000 -1.840000 48.691540
-0.780000 -1.760000 61.773724
-0.780000 -1.680000 83.405535
-0.780000 -1.600000 90.613499
-0.780000 -1.520000 91.214808
-0.780000 -1.440000 87.611450
-0.780000 -1.360000 71.400058
-0.780000 -1.280000 48.749068
-0.780000 -1.200000 48.337143
-0.780000 -1.120000 45.870322
-0.780000 -1.040000 45.869657
-0.780000 -0.960000 50.177098
-0.780000 -0.880000 50.855554
-0.780000 -0.800000 51.394181
-0.780000 -0.720000 50.702667
-0.780000 -0.640000 49.831613
-0.780000 -0.560000 50.204845
-0.780000 -0.480000 50.201425
-0.780000 -0.400000 50.320916
-0.780000 -0.320000 50.086119
-0.780000 -0.240000 50.184887
-0.780000 -0.160000 49.277812
-0.780000 -0.080000 51.231163
-0.780000 0.000000 49.800102
-0.780000 0.080000 50.280345
-0.780000 0.160000 49.857670
-0.780000 0.240000 49.653132
-0.780000 0.320000 50.316941
-0.780000 0.400000 50.241488
-0.780000 0.480000 50.036560
-0.780000 0.560000 50.261078
-0.780000 0.640000 50.376283
-0.780000 0.720000 50.408626
-0.780000 0.800000 50.218270
-0.780000 0.880000 50.237214
-0.780000 0.960000 49.828233
-0.780000 1.040000 49.863888
-0.780000 1.120000 50.503270
-0.780000 1.200000 50.262635
-0.780000 1.280000 50.318611
-0.780000 1.360000 50.234475
-0.780000 1.440000 50.356976
-0.780000 1.520000 50.284674
-0.780000 1.600000 50.240157
-0.780000 1.680000 50.189936
-0.780000 1.760000 50.235262
-0.780000 1.840000 50.207145
-0.780000 1.920000 50.207572
-0.780000 2.000000 50.236217
-0.720000 -2.000000 39.419230
-0.720000 -1.920000 39.294050
-0.720000 -1.840000 63.314629
-0.720000 -1.760000 85.268248
-0.720000 -1.680000 117.906780
-0.720000 -1.600000 130.179399
-0.720000 -1.520000 131.628329
-0.720000 -1.440000 125.280679
-0.720000 -1.360000 100.618543
-0.720000 -1.280000 67.121142
-0.720000 -1.200000 63.733006
-0.720000 -1.120000 59.064577
-0.720000 -1.040000 59.259086
-0.720000 -0.960000 66.124377
-0.720000 -0.880000 67.828525
-0.720000 -0.800000 69.026335
-0.720000 -0.720000 67.846866
-0.720000 -0.640000 66.059133
-0.720000 -0.560000 66.920107
-0.720000 -0.480000 67.014232
-0.720000 -0.400000 66.875897
-0.720000 -0.320000 66.873603
-0.720000 -0.240000 66.822186
-0.720000 -0.160000 65.652184
-0.720000 -0.080000 68.231198
-0.720000 0.000000 66.375537
-0.720000 0.080000 66.989913
-0.720000 0.160000 66.497165
-0.720000 0.240000 66.145608
-0.720000 0.320000 66.962903
-0.720000 0.400000 66.863550
-0.720000 0.480000 66.663327
-0.720000 0.560000 66.950548
-0.720000 0.640000 67.097767
-0.720000 0.720000 67.204006
-0.720000 0.800000 66.895036
-0.720000 0.880000 66.828177
-0.720000 0.960000 66.150355
-0.720000 1.040000 66.151498
-0.720000 1.120000 67.467756
-0.720000 1.200000 67.000732
-0.720000 1.280000 67.075650
-0.720000 1.360000 66.966628
-0.720000 1.440000 67.154122
-0.720000 1.520000 67.032640
-0.720000 1.600000 66.958175
-0.720000 1.680000 66.848507
-0.720000 1.760000 66.933884
-0.720000 1.840000 66.884372
-0.720000 1.920000 66.889599
-0.720000 2.000000 66.942827
-0.660000 -2.000000 44.459198
-0.660000 -1.920000 48.783268
-0.660000 -1.840000 85.476708
-0.660000 -1.760000 119.822437
-0.660000 -1.680000 167.580934
-0.660000 -1.600000 186.941056
-0.660000 -1.520000 189.604743
-0.660000 -1.440000 179.402167
-0.660000 -1.360000 143.112200
-0.660000 -1.280000 94.778477
-0.660000 -1.200000 87.044971
-0.660000 -1.120000 79.264525
-0.660000 -1.040000 79.745352
-0.660000 -0.960000 90.158165
-0.660000 -0.880000 93.334426
-0.660000 -0.800000 95.473459
-0.660000 -0.720000 93.611073
-0.660000 -0.640000 90.520200
-0.660000 -0.560000 92.078806
-0.660000 -0.480000 92.316145
-0.660000 -0.400000 91.794052
-0.660000 -0.320000 92.143832
-0.660000 -0.240000 91.867495
-0.660000 -0.160000 90.354778
-0.660000 -0.080000 93.759010
-0.660000 0.000000 91.348310
-0.660000 0.080000 92.136692
-0.660000 0.160000 91.561159
-0.660000 0.240000 91.003664
-0.660000 0.320000 92.014674
-0.660000 0.400000 91.883839
-0.660000 0.480000 91.700200
-0.660000 0.560000 92.068764
-0.660000 0.640000 92.257489
-0.660000 0.720000 92.470573
-0.660000 0.800000 91.996648
-0.660000 0.880000 91.803067
-0.660000 0.960000 90.750311
-0.660000 1.040000 90.699155
-0.660000 1.120000 92.977842
-0.660000 1.200000 92.190186
-0.660000 1.280000 92.290240
-0.660000 1.360000 92.148695
-0.660000 1.440000 92.425718
-0.660000 1.520000 92.235527
-0.660000 1.600000 92.119247
-0.660000 1.680000 91.924774
-0.660000 1.760000 92.066743
-0.660000 1.840000 91.987183
-0.660000 1.920000 91.999431
-0.660000 2.000000 92.087354
-0.600000 -2.000000 53.005135
-0.600000 -1.920000 63.859270
-0.600000 -1.840000 118.001671
-0.600000 -1.760000 169.483842
-0.600000 -1.680000 237.874761
-0.600000 -1.600000 267.050209
-0.600000 -1.520000 271.427146
-0.600000 -1.440000 255.870059
-0.600000 -1.360000 203.691834
-0.600000 -1.280000 135.182929
-0.600000 -1.200000 121.236370
-0.600000 -1.120000 109.112759
-0.600000 -1.040000 110.004405
-0.600000 -0.960000 125.295260
-0.600000 -0.880000 130.549919
-0.600000 -0.800000 134.012666
-0.600000 -0.720000 131.204492
-0.600000 -0.640000 126.287000
-0.600000 -0.560000 128.828027
-0.600000 -0.480000 129.270956
-0.600000 -0.400000 128.192570
-0.600000 -0.320000 129.058835
-0.600000 -0.240000 128.455047
-0.600000 -0.160000 126.495058
-0.600000 -0.080000 130.987541
-0.600000 0.000000 127.850614
-0.600000 0.080000 128.865127
-0.600000 0.160000 128.191497
-0.600000 0.240000 127.348599
-0.600000 0.320000 128.605044
-0.600000 0.400000 128.432739
-0.600000 0.480000 128.282898
-0.600000 0.560000 128.757168
-0.600000 0.640000 128.999805
-0.600000 0.720000 129.364571
-0.600000 0.800000 128.663332
-0.600000 0.880000 128.287067
-0.600000 0.960000 126.716484
-0.600000 1.040000 126.588570
-0.600000 1.120000 130.216505
-0.600000 1.200000 128.980693
-0.600000 1.280000 129.114078
-0.600000 1.360000 128.929987
-0.600000 1.440000 129.329450
-0.600000 1.520000 129.044230
-0.600000 1.600000 128.870146
-0.600000 1.680000 128.556485
-0.600000 1.760000 128.777415
-0.600000 1.840000 128.656127
-0.600000 1.920000 128.678425
-0.600000 2.000000 128.814718
-0.540000 -2.000000 66.451331
-0.540000 -1.920000 86.676909
-0.540000 -1.840000 164.673190
-0.540000 -1.760000 239.664430
-0.540000 -1.680000 336.057937
-0.540000 -1.600000 378.715128
-0.540000 -1.520000 385.479183
-0.540000 -1.440000 362.549779
-0.540000 -1.360000 288.784069
-0.540000 -1.280000 192.971505
-0.540000 -1.200000 170.277555
-0.540000 -1.120000 152.152276
-0.540000 -1.040000 153.623889
-0.540000 -0.960000 175.576372
-0.540000 -0.880000 183.729099
-0.540000 -0.800000 189.032057
-0.540000 -0.720000 184.924837
-0.540000 -0.640000 177.474553
-0.540000 -0.560000 181.382724
-0.540000 -0.480000 182.115969
-0.540000 -0.400000 180.246333
-0.540000 -0.320000 181.853633
-0.540000 -0.240000 180.782620
-0.540000 -0.160000 178.238264
-0.540000 -0.080000 184.165649
-0.540000 0.000000 180.077756
-0.540000 0.080000 181.386586
-0.540000 0.160000 180.596352
-0.540000 0.240000 179.361240
-0.540000 0.320000 180.929773
-0.540000 0.400000 180.702842
-0.540000 0.480000 180.611279
-0.540000 0.560000 181.223128
-0.540000 0.640000 181.535905
-0.540000 0.720000 182.113071
-0.540000 0.800000 181.100857
-0.540000 0.880000 180.465816
-0.540000 0.960000 178.185556
-0.540000 1.040000 177.947477
-0.540000 1.120000 183.446512
-0.540000 1.200000 181.590663
-0.540000 1.280000 181.768208
-0.540000 1.360000 181.528409
-0.540000 1.440000 182.094350
-0.540000 1.520000 181.678749
-0.540000 1.600000 181.425386
-0.540000 1.680000 180.946116
-0.540000 1.760000 181.276140
-0.540000 1.840000 181.097413
-0.540000 1.920000 181.133872
-0.540000 2.000000 181.336950
-0.480000 -2.000000 86.674869
-0.480000 -1.920000 120.130345
-0.480000 -1.840000 230.547903
-0.480000 -1.760000 337.584742
-0.480000 -1.680000 471.814959
-0.480000 -1.600000 532.868387
-0.480000 -1.520000 542.927185
-0.480000 -1.440000 509.918075
-0.480000 -1.360000 406.956697
-0.480000 -1.280000 274.340038
-0.480000 -1.200000 239.474538
-0.480000 -1.120000 213.120542
-0.480000 -1.040000 215.400926
-0.480000 -0.960000 246.400117
-0.480000 -0.880000 258.554915
-0.480000 -0.800000 266.393040
-0.480000 -0.720000 260.513380
-0.480000 -0.640000 249.580919
-0.480000 -0.560000 255.374074
-0.480000 -0.480000 256.512204
-0.480000 -0.400000 253.532937
-0.480000 -0.320000 256.186294
-0.480000 -0.240000 254.458478
-0.480000 -0.160000 251.149934
-0.480000 -0.080000 258.968978
-0.480000 0.000000 253.634998
-0.480000 0.080000 255.327407
-0.480000 0.160000 254.398121
-0.480000 0.240000 252.627636
-0.480000 0.320000 254.594327
-0.480000 0.400000 254.295443
-0.480000 0.480000 254.296503
-0.480000 0.560000 255.087652
-0.480000 0.640000 255.491812
-0.480000 0.720000 256.363278
-0.480000 0.800000 254.928135
-0.480000 0.880000 253.931338
-0.480000 0.960000 250.684508
-0.480000 1.040000 250.290883
-0.480000 1.120000 258.362642
-0.480000 1.200000 255.655842
-0.480000 1.280000 255.891858
-0.480000 1.360000 255.579063
-0.480000 1.440000 256.370281
-0.480000 1.520000 255.776935
-0.480000 1.600000 255.415532
-0.480000 1.680000 254.708198
-0.480000 1.760000 255.187782
-0.480000 1.840000 254.930545
-0.480000 1.920000 254.986721
-0.480000 2.000000 255.281309
-0.420000 -2.000000 116.193398
-0.420000 -1.920000 168.094515
-0.420000 -1.840000 322.368326
-0.420000 -1.760000 472.859746
-0.420000 -1.680000 658.025929
-0.420000 -1.600000 744.047987
-0.420000 -1.520000 758.620342
-0.420000 -1.440000 711.907405
-0.420000 -1.360000 569.611634
-0.420000 -1.280000 387.549404
-0.420000 -1.200000 335.902334
-0.420000 -1.120000 298.337204
-0.420000 -1.040000 301.734760
-0.420000 -0.960000 344.963402
-0.420000 -0.880000 362.602597
-0.420000 -0.800000 373.908168
-0.420000 -0.720000 365.623190
-0.420000 -0.640000 349.935836
-0.420000 -0.560000 358.308881
-0.420000 -0.480000 360.006240
-0.420000 -0.400000 355.487651
-0.420000 -0.320000 359.599572
-0.420000 -0.240000 356.958899
-0.420000 -0.160000 352.650238
-0.420000 -0.080000 362.962634
-0.420000 0.000000 355.994981
-0.420000 0.080000 358.187865
-0.420000 0.160000 357.092225
-0.420000 0.240000 354.594950
-0.420000 0.320000 357.071133
-0.420000 0.400000 356.677485
-0.420000 0.480000 356.818845
-0.420000 0.560000 357.843931
-0.420000 0.640000 358.367298
-0.420000 0.720000 359.643168
-0.420000 0.800000 357.635605
-0.420000 0.880000 356.138228
-0.420000 0.960000 351.581614
-0.420000 1.040000 350.971066
-0.420000 1.120000 362.556188
-0.420000 1.200000 358.689061
-0.420000 1.280000 359.002453
-0.420000 1.360000 358.593945
-0.420000 1.440000 359.688806
-0.420000 1.520000 358.854412
-0.420000 1.600000 358.346533
-0.420000 1.680000 357.327362
-0.420000 1.760000 358.010699
-0.420000 1.840000 357.646760
-0.420000 1.920000 357.730135
-0.420000 2.000000 358.149340
-0.360000 -2.000000 158.372190
-0.360000 -1.920000 235.742751
-0.360000 -1.840000 449.106157
-0.360000 -1.760000 658.270368
-0.360000 -1.680000 911.795175
-0.360000 -1.600000 1031.558756
-0.360000 -1.520000 1052.277328
-0.360000 -1.440000 987.018594
-0.360000 -1.360000 791.897725
-0.360000 -1.280000 543.592354
-0.360000 -1.200000 468.975247
-0.360000 -1.120000 416.214172
-0.360000 -1.040000 421.143408
-0.360000 -0.960000 480.840991
-0.360000 -0.880000 505.949665
-0.360000 -0.800000 521.970174
-0.360000 -0.720000 510.435495
-0.360000 -0.640000 488.291193
-0.360000 -0.560000 500.174269
-0.360000 -0.480000 502.638154
-0.360000 -0.400000 496.002245
-0.360000 -0.320000 502.128596
-0.360000 -0.240000 498.230406
-0.360000 -0.160000 492.612061
-0.360000 -0.080000 506.210163
-0.360000 0.000000 497.099825
-0.360000 0.080000 499.946310
-0.360000 0.160000 498.651042
-0.360000 0.240000 495.171556
-0.360000 0.320000 498.301431
-0.360000 0.400000 497.782992
-0.360000 0.480000 498.130316
-0.360000 0.560000 499.460906
-0.360000 0.640000 500.139937
-0.360000 0.720000 501.967830
-0.360000 0.800000 499.188602
-0.360000 0.880000 497.004098
-0.360000 0.960000 490.680045
-0.360000 1.040000 489.769870
-0.360000 1.120000 506.126391
-0.360000 1.200000 500.685398
-0.360000 1.280000 501.101136
-0.360000 1.360000 500.567062
-0.360000 1.440000 502.069846
-0.360000 1.520000 500.909954
-0.360000 1.600000 500.204340
-0.360000 1.680000 498.761235
-0.360000 1.760000 499.720741
-0.360000 1.840000 499.212464
-0.360000 1.920000 499.333083
-0.360000 2.000000 499.921141
-0.300000 -2.000000 217.694328
-0.300000 -1.920000 329.962896
-0.300000 -1.840000 622.674810
-0.300000 -1.760000 910.777095
-0.300000 -1.680000 1255.803611
-0.300000 -1.600000 1421.000581
-0.300000 -1.520000 1450.048032
-0.300000 -1.440000 1359.784247
-0.300000 -1.360000 1093.910430
-0.300000 -1.280000 757.069729
-0.300000 -1.200000 651.195030
-0.300000 -1.120000 577.924430
-0.300000 -1.040000 584.941238
-0.300000 -0.960000 666.745848
-0.300000 -0.880000 701.976516
-0.300000 -0.800000 724.377665
-0.300000 -0.720000 708.468673
-0.300000 -0.640000 677.595858
-0.300000 -0.560000 694.231295
-0.300000 -0.480000 697.739418
-0.300000 -0.400000 688.210800
-0.300000 -0.320000 697.098447
-0.300000 -0.240000 691.480098
-0.300000 -0.160000 684.145946
-0.300000 -0.080000 702.072685
-0.300000 0.000000 690.151356
-0.300000 0.080000 693.852014
-0.300000 0.160000 692.316544
-0.300000 0.240000 687.514628
-0.300000 0.320000 691.485099
-0.300000 0.400000 690.802366
-0.300000 0.480000 691.445532
-0.300000 0.560000 693.175364
-0.300000 0.640000 694.057832
-0.300000 0.720000 696.635223
-0.300000 0.800000 692.819194
-0.300000 0.880000 689.697562
-0.300000 0.960000 680.996827
-0.300000 1.040000 679.675909
-0.300000 1.120000 702.482941
-0.300000 1.200000 694.916388
-0.300000 1.280000 695.467445
-0.300000 1.360000 694.768571
-0.300000 1.440000 696.817849
-0.300000 1.520000 695.219991
-0.300000 1.600000 694.248393
-0.300000 1.680000 692.231678
-0.300000 1.760000 693.563935
-0.300000 1.840000 692.861160
-0.300000 1.920000 693.032477
-0.300000 2.000000 693.848383
-0.240000 -2.000000 300.109249
-0.240000 -1.920000 459.898194
-0.240000 -1.840000 858.858121
-0.240000 -1.760000 1252.845505
-0.240000 -1.680000 1720.080109
-0.240000 -1.600000 1946.273258
-0.240000 -1.520000 1986.563030
-0.240000 -1.440000 1862.686930
-0.240000 -1.360000 1502.262117
-0.240000 -1.280000 1047.336452
-0.240000 -1.200000 899.126584
-0.240000 -1.120000 798.273333
-0.240000 -1.040000 808.122061
-0.240000 -0.960000 919.520847
-0.240000 -0.880000 968.411303
-0.240000 -0.800000 999.413112
-0.240000 -0.720000 977.634250
-0.240000 -0.640000 935.006622
-0.240000 -0.560000 958.050692
-0.240000 -0.480000 962.974337
-0.240000 -0.400000 949.515061
-0.240000 -0.320000 962.165223
-0.240000 -0.240000 954.207059
-0.240000 -0.160000 944.624606
-0.240000 -0.080000 968.251679
-0.240000 0.000000 952.642477
-0.240000 0.080000 957.459884
-0.240000 0.160000 955.634845
-0.240000 0.240000 949.058030
-0.240000 0.320000 954.111341
-0.240000 0.400000 953.212386
-0.240000 0.480000 954.273879
-0.240000 0.560000 956.525655
-0.240000 0.640000 957.674154
-0.240000 0.720000 961.264724
-0.240000 0.800000 956.059583
-0.240000 0.880000 951.666514
-0.240000 0.960000 939.779252
-0.240000 1.040000 937.898647
-0.240000 1.120000 969.393420
-0.240000 1.200000 958.966537
-0.240000 1.280000 959.696454
-0.240000 1.360000 958.781224
-0.240000 1.440000 961.560916
-0.240000 1.520000 959.375516
-0.240000 1.600000 958.047200
-0.240000 1.680000 955.257375
-0.240000 1.760000 957.090984
-0.240000 1.840000 956.126962
-0.240000 1.920000 956.366960
-0.240000 2.000000 957.489269
-0.180000 -2.000000 413.470490
-0.180000 -1.920000 637.637938
-0.180000 -1.840000 1178.503794
-0.180000 -1.760000 1714.161896
-0.180000 -1.680000 2344.302260
-0.180000 -1.600000 2652.188878
-0.180000 -1.520000 2707.605910
-0.180000 -1.440000 2538.654281
-0.180000 -1.360000 2052.118470
-0.180000 -1.280000 1439.984779
-0.180000 -1.200000 1234.653267
-0.180000 -1.120000 1096.817021
-0.180000 -1.040000 1110.493683
-0.180000 -0.960000 1261.415018
-0.180000 -0.880000 1328.676502
-0.180000 -0.800000 1371.233015
-0.180000 -0.720000 1341.598194
-0.180000 -0.640000 1283.190119
-0.180000 -0.560000 1314.847536
-0.180000 -0.480000 1321.682315
-0.180000 -0.400000 1302.905154
-0.180000 -0.320000 1320.657894
-0.180000 -0.240000 1309.531258
-0.180000 -0.160000 1297.003263
-0.180000 -0.080000 1328.132319
-0.180000 0.000000 1307.686284
-0.180000 0.080000 1313.963696
-0.180000 0.160000 1311.789528
-0.180000 0.240000 1302.836914
-0.180000 0.320000 1309.286538
-0.180000 0.400000 1308.103201
-0.180000 0.480000 1309.749511
-0.180000 0.560000 1312.683619
-0.180000 0.640000 1314.180081
-0.180000 0.720000 1319.135434
-0.180000 0.800000 1312.073640
-0.180000 0.880000 1305.962880
-0.180000 0.960000 1289.814039
-0.180000 1.040000 1287.174434
-0.180000 1.120000 1330.333376
-0.180000 1.200000 1316.068973
-0.180000 1.280000 1317.035244
-0.180000 1.360000 1315.835945
-0.180000 1.440000 1319.589873
-0.180000 1.520000 1316.618250
-0.180000 1.600000 1314.812759
-0.180000 1.680000 1310.984310
-0.180000 1.760000 1313.490269
-0.180000 1.840000 1312.176293
-0.180000 1.920000 1312.508975
-0.180000 2.000000 1314.042148
-0.120000 -2.000000 568.040098
-0.120000 -1.920000 879.052098
-0.120000 -1.840000 1608.992586
-0.120000 -1.760000 2333.786697
-0.120000 -1.680000 3180.711708
-0.120000 -1.600000 3597.809602
-0.120000 -1.520000 3673.533477
-0.120000 -1.440000 3444.232636
-0.120000 -1.360000 2789.767987
-0.120000 -1.280000 1968.705442
-0.120000 -1.200000 1686.527167
-0.120000 -1.120000 1499.234961
-0.120000 -1.040000 1518.073579
-0.120000 -0.960000 1721.660871
-0.120000 -0.880000 1813.559470
-0.120000 -0.800000 1871.595657
-0.120000 -0.720000 1831.471022
-0.120000 -0.640000 1751.934966
-0.120000 -0.560000 1795.136619
-0.120000 -0.480000 1804.543495
-0.120000 -0.400000 1778.595825
-0.120000 -0.320000 1803.243737
-0.120000 -0.240000 1787.841196
-0.120000 -0.160000 1771.457680
-0.120000 -0.080000 1812.448255
-0.120000 0.000000 1785.664855
-0.120000 0.080000 1793.849355
-0.120000 0.160000 1791.255961
-0.120000 0.240000 1779.130665
-0.120000 0.320000 1787.380173
-0.120000 0.400000 1785.823275
-0.120000 0.480000 1788.280796
-0.120000 0.560000 1792.106090
-0.120000 0.640000 1794.057502
-0.120000 0.720000 1800.846125
-0.120000 0.800000 1791.308063
-0.120000 0.880000 1782.884666
-0.120000 0.960000 1761.049104
-0.120000 1.040000 1757.383973
-0.120000 1.120000 1816.161823
-0.120000 1.200000 1796.761952
-0.120000 1.280000 1798.040518
-0.120000 1.360000 1796.468342
-0.120000 1.440000 1801.519352
-0.120000 1.520000 1797.497877
-0.120000 1.600000 1795.055511
-0.120000 1.680000 1789.835526
-0.120000 1.760000 1793.240921
-0.120000 1.840000 1791.459227
-0.120000 1.920000 1791.916613
-0.120000 2.000000 1793.999408
-0.060000 -2.000000 776.809226
-0.060000 -1.920000 1204.530492
-0.060000 -1.840000 2185.679628
-0.060000 -1.760000 3162.475911
-0.060000 -1.680000 4297.393881
-0.060000 -1.600000 4860.337304
-0.060000 -1.520000 4963.289737
-0.060000 -1.440000 4653.216252
-0.060000 -1.360000 3775.459030
-0.060000 -1.280000 2677.290075
-0.060000 -1.200000 2291.914656
-0.060000 -1.120000 2038.654706
-0.060000 -1.040000 2064.452669
-0.060000 -0.960000 2338.053137
-0.060000 -0.880000 2462.916088
-0.060000 -0.800000 2541.638587
-0.060000 -0.720000 2487.537828
-0.060000 -0.640000 2379.780671
-0.060000 -0.560000 2438.418454
-0.060000 -0.480000 2451.279464
-0.060000 -0.400000 2415.683790
-0.060000 -0.320000 2449.630227
-0.060000 -0.240000 2428.469130
-0.060000 -0.160000 2407.054612
-0.060000 -0.080000 2460.970682
-0.060000 0.000000 2425.909932
-0.060000 0.080000 2436.577080
-0.060000 0.160000 2433.489264
-0.060000 0.240000 2417.136607
-0.060000 0.320000 2427.696285
-0.060000 0.400000 2425.650245
-0.060000 0.480000 2429.229519
-0.060000 0.560000 2434.214731
-0.060000 0.640000 2436.759642
-0.060000 0.720000 2446.006241
-0.060000 0.800000 2433.172375
-0.060000 0.880000 2421.643344
-0.060000 0.960000 2392.235498
-0.060000 1.040000 2387.187807
-0.060000 1.120000 2466.832952
-0.060000 1.200000 2440.575690
-0.060000 1.280000 2442.266967
-0.060000 1.360000 2440.205961
-0.060000 1.440000 2446.980736
-0.060000 1.520000 2441.559943
-0.060000 1.600000 2438.269399
-0.060000 1.680000 2431.189278
-0.060000 1.760000 2435.795331
-0.060000 1.840000 2433.389745
-0.060000 1.920000 2434.014588
-0.060000 2.000000 2436.831192
0.000000 -2.000000 1046.996594
0.000000 -1.920000 1630.583152
0.000000 -1.840000 2940.919930
0.000000 -1.760000 4252.281657
0.000000 -1.680000 5767.929195
0.000000 -1.600000 6526.932228
0.000000 -1.520000 6666.791879
0.000000 -1.440000 6246.984334
0.000000 -1.360000 5072.815564
0.000000 -1.280000 3610.532830
0.000000 -1.200000 3085.486920
0.000000 -1.120000 2744.806810
0.000000 -1.040000 2780.222417
0.000000 -0.960000 3146.018740
0.000000 -0.880000 3314.954354
0.000000 -0.800000 3421.217225
0.000000 -0.720000 3348.591170
0.000000 -0.640000 3203.262901
0.000000 -0.560000 3282.501284
0.000000 -0.480000 3300.024250
0.000000 -0.400000 3251.344054
0.000000 -0.320000 3297.975628
0.000000 -0.240000 3268.984028
0.000000 -0.160000 3241.242593
0.000000 -0.080000 3311.592248
0.000000 0.000000 3266.105401
0.000000 0.080000 3279.871631
0.000000 0.160000 3276.335637
0.000000 0.240000 3254.381388
0.000000 0.320000 3267.722136
0.000000 0.400000 3265.057004
0.000000 0.480000 3270.250405
0.000000 0.560000 3276.681771
0.000000 0.640000 3279.978242
0.000000 0.720000 3292.537748
0.000000 0.800000 3275.341874
0.000000 0.880000 3259.634313
0.000000 0.960000 3220.198357
0.000000 1.040000 3213.268523
0.000000 1.120000 3320.729679
0.000000 1.200000 3285.337745
0.000000 1.280000 3287.576696
0.000000 1.360000 3284.885251
0.000000 1.440000 3293.938444
0.000000 1.520000 3286.655982
0.000000 1.600000 3282.242125
0.000000 1.680000 3272.679663
0.000000 1.760000 3278.884702
0.000000 1.840000 3275.648394
0.000000 1.920000 3276.499648
0.000000 2.000000 3280.295198
