-3.000000 -2.000000 41.035915
-3.000000 -1.920000 41.032787
-3.000000 -1.840000 41.028322
-3.000000 -1.760000 41.021986
-3.000000 -1.680000 41.013061
-3.000000 -1.600000 41.000630
-3.000000 -1.520000 40.983580
-3.000000 -1.440000 40.960681
-3.000000 -1.360000 40.930775
-3.000000 -1.280000 40.893053
-3.000000 -1.200000 40.847273
-3.000000 -1.120000 40.793482
-3.000000 -1.040000 40.730805
-3.000000 -0.960000 40.655991
-3.000000 -0.880000 40.564394
-3.000000 -0.800000 40.453954
-3.000000 -0.720000 40.327787
-3.000000 -0.640000 40.198977
-3.000000 -0.560000 40.095461
-3.000000 -0.480000 40.062015
-3.000000 -0.400000 40.140907
-3.000000 -0.320000 40.327111
-3.000000 -0.240000 40.509001
-3.000000 -0.160000 40.547435
-3.000000 -0.080000 40.467741
-3.000000 0.000000 40.433972
-3.000000 0.080000 40.417145
-3.000000 0.160000 40.408204
-3.000000 0.240000 40.430378
-3.000000 0.320000 40.436012
-3.000000 0.400000 40.423110
-3.000000 0.480000 40.426919
-3.000000 0.560000 40.429458
-3.000000 0.640000 40.426408
-3.000000 0.720000 40.426733
-3.000000 0.800000 40.427497
-3.000000 0.880000 40.426702
-3.000000 0.960000 40.426967
-3.000000 1.040000 40.426915
-3.000000 1.120000 40.426889
-3.000000 1.200000 40.426767
-3.000000 1.280000 40.426863
-3.000000 1.360000 40.426965
-3.000000 1.440000 40.426822
-3.000000 1.520000 40.426784
-3.000000 1.600000 40.426932
-3.000000 1.680000 40.426874
-3.000000 1.760000 40.426949
-3.000000 1.840000 40.426848
-3.000000 1.920000 40.426846
-3.000000 2.000000 40.426954
-2.940000 -2.000000 41.034857
-2.940000 -1.920000 41.031266
-2.940000 -1.840000 41.026141
-2.940000 -1.760000 41.018868
-2.940000 -1.680000 41.008624
-2.940000 -1.600000 40.994359
-2.940000 -1.520000 40.974795
-2.940000 -1.440000 40.948528
-2.940000 -1.360000 40.914231
-2.940000 -1.280000 40.870982
-2.940000 -1.200000 40.818508
-2.940000 -1.120000 40.756862
-2.940000 -1.040000 40.685024
-2.940000 -0.960000 40.599235
-2.940000 -0.880000 40.494125
-2.940000 -0.800000 40.367341
-2.940000 -0.720000 40.222569
-2.940000 -0.640000 40.074913
-2.940000 -0.560000 39.956291
-2.940000 -0.480000 39.917932
-2.940000 -0.400000 40.008291
-2.940000 -0.320000 40.221681
-2.940000 -0.240000 40.430272
-2.940000 -0.160000 40.474389
-2.940000 -0.080000 40.382959
-2.940000 0.000000 40.344235
-2.940000 0.080000 40.324929
-2.940000 0.160000 40.314679
-2.940000 0.240000 40.340106
-2.940000 0.320000 40.346561
-2.940000 0.400000 40.331769
-2.940000 0.480000 40.336136
-2.940000 0.560000 40.339048
-2.940000 0.640000 40.335549
-2.940000 0.720000 40.335922
-2.940000 0.800000 40.336798
-2.940000 0.880000 40.335887
-2.940000 0.960000 40.336191
-2.940000 1.040000 40.336131
-2.940000 1.120000 40.336101
-2.940000 1.200000 40.335962
-2.940000 1.280000 40.336071
-2.940000 1.360000 40.336188
-2.940000 1.440000 40.336024
-2.940000 1.520000 40.335980
-2.940000 1.600000 40.336150
-2.940000 1.680000 40.336084
-2.940000 1.760000 40.336170
-2.940000 1.840000 40.336054
-2.940000 1.920000 40.336052
-2.940000 2.000000 40.336175
-2.880000 -2.000000 41.033643
-2.880000 -1.920000 41.029521
-2.880000 -1.840000 41.023638
-2.880000 -1.760000 41.015289
-2.880000 -1.680000 41.003533
-2.880000 -1.600000 40.987163
-2.880000 -1.520000 40.964719
-2.880000 -1.440000 40.934591
-2.880000 -1.360000 40.895264
-2.880000 -1.280000 40.845689
-2.880000 -1.200000 40.785558
-2.880000 -1.120000 40.714929
-2.880000 -1.040000 40.632614
-2.880000 -0.960000 40.534258
-2.880000 -0.880000 40.413651
-2.880000 -0.800000 40.268107
-2.880000 -0.720000 40.102003
-2.880000 -0.640000 39.932782
-2.880000 -0.560000 39.796891
-2.880000 -0.480000 39.752906
-2.880000 -0.400000 39.856359
-2.880000 -0.320000 40.100835
-2.880000 -0.240000 40.340003
-2.880000 -0.160000 40.390642
-2.880000 -0.080000 40.285761
-2.880000 0.000000 40.241362
-2.880000 0.080000 40.219215
-2.880000 0.160000 40.207467
-2.880000 0.240000 40.236617
-2.880000 0.320000 40.244012
-2.880000 0.400000 40.227055
-2.880000 0.480000 40.232062
-2.880000 0.560000 40.235402
-2.880000 0.640000 40.231388
-2.880000 0.720000 40.231816
-2.880000 0.800000 40.232821
-2.880000 0.880000 40.231776
-2.880000 0.960000 40.232124
-2.880000 1.040000 40.232055
-2.880000 1.120000 40.232021
-2.880000 1.200000 40.231862
-2.880000 1.280000 40.231987
-2.880000 1.360000 40.232121
-2.880000 1.440000 40.231934
-2.880000 1.520000 40.231883
-2.880000 1.600000 40.232078
-2.880000 1.680000 40.232002
-2.880000 1.760000 40.232100
-2.880000 1.840000 40.231967
-2.880000 1.920000 40.231966
-2.880000 2.000000 40.232106
-2.820000 -2.000000 41.032249
-2.820000 -1.920000 41.027517
-2.820000 -1.840000 41.020764
-2.820000 -1.760000 41.011181
-2.820000 -1.680000 40.997690
-2.820000 -1.600000 40.978907
-2.820000 -1.520000 40.953161
-2.820000 -1.440000 40.918610
-2.820000 -1.360000 40.873525
-2.820000 -1.280000 40.816713
-2.820000 -1.200000 40.747827
-2.820000 -1.120000 40.666933
-2.820000 -1.040000 40.572640
-2.820000 -0.960000 40.459901
-2.820000 -0.880000 40.321526
-2.820000 -0.800000 40.154449
-2.820000 -0.720000 39.963890
-2.820000 -0.640000 39.770010
-2.820000 -0.560000 39.614387
-2.820000 -0.480000 39.563959
-2.820000 -0.400000 39.682355
-2.820000 -0.320000 39.962354
-2.820000 -0.240000 40.236526
-2.820000 -0.160000 40.294649
-2.820000 -0.080000 40.174352
-2.820000 0.000000 40.123459
-2.820000 0.080000 40.098055
-2.820000 0.160000 40.084594
-2.820000 0.240000 40.118005
-2.820000 0.320000 40.126474
-2.820000 0.400000 40.107040
-2.820000 0.480000 40.112780
-2.820000 0.560000 40.116608
-2.820000 0.640000 40.112004
-2.820000 0.720000 40.112497
-2.820000 0.800000 40.113648
-2.820000 0.880000 40.112451
-2.820000 0.960000 40.112850
-2.820000 1.040000 40.112771
-2.820000 1.120000 40.112731
-2.820000 1.200000 40.112549
-2.820000 1.280000 40.112692
-2.820000 1.360000 40.112846
-2.820000 1.440000 40.112631
-2.820000 1.520000 40.112574
-2.820000 1.600000 40.112796
-2.820000 1.680000 40.112709
-2.820000 1.760000 40.112822
-2.820000 1.840000 40.112670
-2.820000 1.920000 40.112668
-2.820000 2.000000 40.112829
-2.760000 -2.000000 41.030649
-2.760000 -1.920000 41.025217
-2.760000 -1.840000 41.017466
-2.760000 -1.760000 41.006467
-2.760000 -1.680000 40.990986
-2.760000 -1.600000 40.969436
-2.760000 -1.520000 40.939906
-2.760000 -1.440000 40.900289
-2.760000 -1.360000 40.848616
-2.760000 -1.280000 40.783528
-2.760000 -1.200000 40.704640
-2.760000 -1.120000 40.612021
-2.760000 -1.040000 40.504047
-2.760000 -0.960000 40.374853
-2.760000 -0.880000 40.216110
-2.760000 -0.800000 40.024320
-2.760000 -0.720000 39.805732
-2.760000 -0.640000 39.583669
-2.760000 -0.560000 39.405519
-2.760000 -0.480000 39.347719
-2.760000 -0.400000 39.483147
-2.760000 -0.320000 39.803710
-2.760000 -0.240000 40.117935
-2.760000 -0.160000 40.184645
-2.760000 -0.080000 40.046687
-2.760000 0.000000 39.988365
-2.760000 0.080000 39.959229
-2.760000 0.160000 39.943810
-2.760000 0.240000 39.982096
-2.760000 0.320000 39.991790
-2.760000 0.400000 39.969523
-2.760000 0.480000 39.976102
-2.760000 0.560000 39.980490
-2.760000 0.640000 39.975210
-2.760000 0.720000 39.975776
-2.760000 0.800000 39.977096
-2.760000 0.880000 39.975723
-2.760000 0.960000 39.976180
-2.760000 1.040000 39.976090
-2.760000 1.120000 39.976044
-2.760000 1.200000 39.975835
-2.760000 1.280000 39.976000
-2.760000 1.360000 39.976176
-2.760000 1.440000 39.975930
-2.760000 1.520000 39.975864
-2.760000 1.600000 39.976119
-2.760000 1.680000 39.976019
-2.760000 1.760000 39.976149
-2.760000 1.840000 39.975974
-2.760000 1.920000 39.975972
-2.760000 2.000000 39.976157
-2.700000 -2.000000 41.028812
-2.700000 -1.920000 41.022576
-2.700000 -1.840000 41.013680
-2.700000 -1.760000 41.001058
-2.700000 -1.680000 40.983294
-2.700000 -1.600000 40.958573
-2.700000 -1.520000 40.924707
-2.700000 -1.440000 40.879292
-2.700000 -1.360000 40.820082
-2.700000 -1.280000 40.745538
-2.700000 -1.200000 40.655230
-2.700000 -1.120000 40.549234
-2.700000 -1.040000 40.425642
-2.700000 -0.960000 40.277635
-2.700000 -0.880000 40.095548
-2.700000 -0.800000 39.875396
-2.700000 -0.720000 39.624690
-2.700000 -0.640000 39.370442
-2.700000 -0.560000 39.166595
-2.700000 -0.480000 39.100361
-2.700000 -0.400000 39.255185
-2.700000 -0.320000 39.622029
-2.700000 -0.240000 39.982061
-2.700000 -0.160000 40.058622
-2.700000 -0.080000 39.900439
-2.700000 0.000000 39.833621
-2.700000 0.080000 39.800212
-2.700000 0.160000 39.782555
-2.700000 0.240000 39.826414
-2.700000 0.320000 39.837506
-2.700000 0.400000 39.812001
-2.700000 0.480000 39.819539
-2.700000 0.560000 39.824568
-2.700000 0.640000 39.818514
-2.700000 0.720000 39.819164
-2.700000 0.800000 39.820676
-2.700000 0.880000 39.819103
-2.700000 0.960000 39.819627
-2.700000 1.040000 39.819523
-2.700000 1.120000 39.819471
-2.700000 1.200000 39.819232
-2.700000 1.280000 39.819420
-2.700000 1.360000 39.819622
-2.700000 1.440000 39.819340
-2.700000 1.520000 39.819265
-2.700000 1.600000 39.819556
-2.700000 1.680000 39.819442
-2.700000 1.760000 39.819591
-2.700000 1.840000 39.819390
-2.700000 1.920000 39.819389
-2.700000 2.000000 39.819600
-2.640000 -2.000000 41.026703
-2.640000 -1.920000 41.019546
-2.640000 -1.840000 41.009335
-2.640000 -1.760000 40.994850
-2.640000 -1.680000 40.974469
-2.640000 -1.600000 40.946114
-2.640000 -1.520000 40.907283
-2.640000 -1.440000 40.855233
-2.640000 -1.360000 40.787408
-2.640000 -1.280000 40.702065
-2.640000 -1.200000 40.598731
-2.640000 -1.120000 40.477485
-2.640000 -1.040000 40.336083
-2.640000 -0.960000 40.166580
-2.640000 -0.880000 39.957745
-2.640000 -0.800000 39.705047
-2.640000 -0.720000 39.417549
-2.640000 -0.640000 39.126576
-2.640000 -0.560000 38.893447
-2.640000 -0.480000 38.817571
-2.640000 -0.400000 38.994450
-2.640000 -0.320000 39.414046
-2.640000 -0.240000 39.826433
-2.640000 -0.160000 39.914295
-2.640000 -0.080000 39.732959
-2.640000 0.000000 39.656433
-2.640000 0.080000 39.618130
-2.640000 0.160000 39.597921
-2.640000 0.240000 39.648146
-2.640000 0.320000 39.660830
-2.640000 0.400000 39.631628
-2.640000 0.480000 39.640262
-2.640000 0.560000 39.646023
-2.640000 0.640000 39.639083
-2.640000 0.720000 39.639829
-2.640000 0.800000 39.641561
-2.640000 0.880000 39.639760
-2.640000 0.960000 39.640359
-2.640000 1.040000 39.640241
-2.640000 1.120000 39.640181
-2.640000 1.200000 39.639907
-2.640000 1.280000 39.640123
-2.640000 1.360000 39.640353
-2.640000 1.440000 39.640031
-2.640000 1.520000 39.639945
-2.640000 1.600000 39.640279
-2.640000 1.680000 39.640147
-2.640000 1.760000 39.640318
-2.640000 1.840000 39.640089
-2.640000 1.920000 39.640087
-2.640000 2.000000 39.640328
-2.580000 -2.000000 41.024283
-2.580000 -1.920000 41.016067
-2.580000 -1.840000 41.004348
-2.580000 -1.760000 40.987728
-2.580000 -1.680000 40.964346
-2.580000 -1.600000 40.931827
-2.580000 -1.520000 40.887312
-2.580000 -1.440000 40.827674
-2.580000 -1.360000 40.750007
-2.580000 -1.280000 40.652345
-2.580000 -1.200000 40.534167
-2.580000 -1.120000 40.395556
-2.580000 -1.040000 40.233864
-2.580000 -0.960000 40.039818
-2.580000 -0.880000 39.800345
-2.580000 -0.800000 39.510301
-2.580000 -0.720000 39.180673
-2.580000 -0.640000 38.847832
-2.580000 -0.560000 38.581376
-2.580000 -0.480000 38.494484
-2.580000 -0.400000 38.696405
-2.580000 -0.320000 39.176061
-2.580000 -0.240000 39.648247
-2.580000 -0.160000 39.749070
-2.580000 -0.080000 39.541240
-2.580000 0.000000 39.453628
-2.580000 0.080000 39.409724
-2.580000 0.160000 39.386604
-2.580000 0.240000 39.444097
-2.580000 0.320000 39.458594
-2.580000 0.400000 39.425171
-2.580000 0.480000 39.435058
-2.580000 0.560000 39.441655
-2.580000 0.640000 39.433702
-2.580000 0.720000 39.434559
-2.580000 0.800000 39.436542
-2.580000 0.880000 39.434479
-2.580000 0.960000 39.435166
-2.580000 1.040000 39.435030
-2.580000 1.120000 39.434961
-2.580000 1.200000 39.434648
-2.580000 1.280000 39.434895
-2.580000 1.360000 39.435158
-2.580000 1.440000 39.434790
-2.580000 1.520000 39.434692
-2.580000 1.600000 39.435073
-2.580000 1.680000 39.434922
-2.580000 1.760000 39.435118
-2.580000 1.840000 39.434856
-2.580000 1.920000 39.434854
-2.580000 2.000000 39.435130
-2.520000 -2.000000 41.021504
-2.520000 -1.920000 41.012075
-2.520000 -1.840000 40.998626
-2.520000 -1.760000 40.979556
-2.520000 -1.680000 40.952736
-2.520000 -1.600000 40.915448
-2.520000 -1.520000 40.864429
-2.520000 -1.440000 40.796118
-2.520000 -1.360000 40.707217
-2.520000 -1.280000 40.595513
-2.520000 -1.200000 40.460440
-2.520000 -1.120000 40.302081
-2.520000 -1.040000 40.117303
-2.520000 -0.960000 39.895260
-2.520000 -0.880000 39.620706
-2.520000 -0.800000 39.287812
-2.520000 -0.720000 38.909960
-2.520000 -0.640000 38.529444
-2.520000 -0.560000 38.225107
-2.520000 -0.480000 38.125639
-2.520000 -0.400000 38.355942
-2.520000 -0.320000 38.903887
-2.520000 -0.240000 39.444318
-2.520000 -0.160000 39.560005
-2.520000 -0.080000 39.321874
-2.520000 0.000000 39.221614
-2.520000 0.080000 39.171303
-2.520000 0.160000 39.144866
-2.520000 0.240000 39.210648
-2.520000 0.320000 39.227206
-2.520000 0.400000 39.188972
-2.520000 0.480000 39.200287
-2.520000 0.560000 39.207840
-2.520000 0.640000 39.198727
-2.520000 0.720000 39.199712
-2.520000 0.800000 39.201981
-2.520000 0.880000 39.199621
-2.520000 0.960000 39.200406
-2.520000 1.040000 39.200250
-2.520000 1.120000 39.200172
-2.520000 1.200000 39.199813
-2.520000 1.280000 39.200096
-2.520000 1.360000 39.200397
-2.520000 1.440000 39.199976
-2.520000 1.520000 39.199864
-2.520000 1.600000 39.200300
-2.520000 1.680000 39.200127
-2.520000 1.760000 39.200352
-2.520000 1.840000 39.200051
-2.520000 1.920000 39.200050
-2.520000 2.000000 39.200365
-2.460000 -2.000000 41.018315
-2.460000 -1.920000 41.007493
-2.460000 -1.840000 40.992060
-2.460000 -1.760000 40.970182
-2.460000 -1.680000 40.939422
-2.460000 -1.600000 40.896674
-2.460000 -1.520000 40.838217
-2.460000 -1.440000 40.759999
-2.460000 -1.360000 40.658286
-2.460000 -1.280000 40.530597
-2.460000 -1.200000 40.376321
-2.460000 -1.120000 40.195539
-2.460000 -1.040000 39.984532
-2.460000 -0.960000 39.730581
-2.460000 -0.880000 39.415876
-2.460000 -0.800000 39.033822
-2.460000 -0.720000 38.600796
-2.460000 -0.640000 38.166063
-2.460000 -0.560000 37.818742
-2.460000 -0.480000 37.704929
-2.460000 -0.400000 37.967330
-2.460000 -0.320000 38.592798
-2.460000 -0.240000 39.211040
-2.460000 -0.160000 39.343770
-2.460000 -0.080000 39.071005
-2.460000 0.000000 38.956329
-2.460000 0.080000 38.898693
-2.460000 0.160000 38.868482
-2.460000 0.240000 38.943710
-2.460000 0.320000 38.962605
-2.460000 0.400000 38.918892
-2.460000 0.480000 38.931836
-2.460000 0.560000 38.940478
-2.460000 0.640000 38.930041
-2.460000 0.720000 38.931172
-2.460000 0.800000 38.933767
-2.460000 0.880000 38.931067
-2.460000 0.960000 38.931965
-2.460000 1.040000 38.931787
-2.460000 1.120000 38.931697
-2.460000 1.200000 38.931287
-2.460000 1.280000 38.931611
-2.460000 1.360000 38.931955
-2.460000 1.440000 38.931473
-2.460000 1.520000 38.931346
-2.460000 1.600000 38.931843
-2.460000 1.680000 38.931646
-2.460000 1.760000 38.931903
-2.460000 1.840000 38.931560
-2.460000 1.920000 38.931558
-2.460000 2.000000 38.931918
-2.400000 -2.000000 41.014655
-2.400000 -1.920000 41.002235
-2.400000 -1.840000 40.984527
-2.400000 -1.760000 40.959430
-2.400000 -1.680000 40.924157
-2.400000 -1.600000 40.875161
-2.400000 -1.520000 40.808201
-2.400000 -1.440000 40.718676
-2.400000 -1.360000 40.602369
-2.400000 -1.280000 40.456505
-2.400000 -1.200000 40.280438
-2.400000 -1.120000 40.074242
-2.400000 -1.040000 39.833485
-2.400000 -0.960000 39.543214
-2.400000 -0.880000 39.182577
-2.400000 -0.800000 38.744131
-2.400000 -0.720000 38.248013
-2.400000 -0.640000 37.751716
-2.400000 -0.560000 37.355714
-2.400000 -0.480000 37.225554
-2.400000 -0.400000 37.524166
-2.400000 -0.320000 38.237477
-2.400000 -0.240000 38.944342
-2.400000 -0.160000 39.096609
-2.400000 -0.080000 38.784283
-2.400000 0.000000 38.653195
-2.400000 0.080000 38.587189
-2.400000 0.160000 38.552692
-2.400000 0.240000 38.638668
-2.400000 0.320000 38.660211
-2.400000 0.400000 38.610264
-2.400000 0.480000 38.625064
-2.400000 0.560000 38.634948
-2.400000 0.640000 38.622997
-2.400000 0.720000 38.624297
-2.400000 0.800000 38.627264
-2.400000 0.880000 38.624177
-2.400000 0.960000 38.625203
-2.400000 1.040000 38.625000
-2.400000 1.120000 38.624896
-2.400000 1.200000 38.624429
-2.400000 1.280000 38.624799
-2.400000 1.360000 38.625191
-2.400000 1.440000 38.624641
-2.400000 1.520000 38.624496
-2.400000 1.600000 38.625063
-2.400000 1.680000 38.624837
-2.400000 1.760000 38.625132
-2.400000 1.840000 38.624740
-2.400000 1.920000 38.624739
-2.400000 2.000000 38.625150
-2.340000 -2.000000 41.010454
-2.340000 -1.920000 40.996201
-2.340000 -1.840000 40.975885
-2.340000 -1.760000 40.947099
-2.340000 -1.680000 40.906658
-2.340000 -1.600000 40.850516
-2.340000 -1.520000 40.773844
-2.340000 -1.440000 40.671427
-2.340000 -1.360000 40.538514
-2.340000 -1.280000 40.372018
-2.340000 -1.200000 40.171272
-2.340000 -1.120000 39.936333
-2.340000 -1.040000 39.661898
-2.340000 -0.960000 39.330342
-2.340000 -0.880000 38.917188
-2.340000 -0.800000 38.414062
-2.340000 -0.720000 37.845842
-2.340000 -0.640000 37.279766
-2.340000 -0.560000 36.828753
-2.340000 -0.480000 36.679989
-2.340000 -0.400000 37.019329
-2.340000 -0.320000 37.831963
-2.340000 -0.240000 38.639633
-2.340000 -0.160000 38.814291
-2.340000 -0.080000 38.456815
-2.340000 0.000000 38.307067
-2.340000 0.080000 38.231506
-2.340000 0.160000 38.192146
-2.340000 0.240000 38.290338
-2.340000 0.320000 38.314872
-2.340000 0.400000 38.257847
-2.340000 0.480000 38.274757
-2.340000 0.560000 38.286055
-2.340000 0.640000 38.272377
-2.340000 0.720000 38.273870
-2.340000 0.800000 38.277260
-2.340000 0.880000 38.273732
-2.340000 0.960000 38.274904
-2.340000 1.040000 38.274672
-2.340000 1.120000 38.274554
-2.340000 1.200000 38.274020
-2.340000 1.280000 38.274443
-2.340000 1.360000 38.274890
-2.340000 1.440000 38.274262
-2.340000 1.520000 38.274098
-2.340000 1.600000 38.274744
-2.340000 1.680000 38.274486
-2.340000 1.760000 38.274823
-2.340000 1.840000 38.274375
-2.340000 1.920000 38.274375
-2.340000 2.000000 38.274843
-2.280000 -2.000000 41.005633
-2.280000 -1.920000 40.989278
-2.280000 -1.840000 40.965971
-2.280000 -1.760000 40.932959
-2.280000 -1.680000 40.886604
-2.280000 -1.600000 40.822292
-2.280000 -1.520000 40.734536
-2.280000 -1.440000 40.617436
-2.280000 -1.360000 40.465654
-2.280000 -1.280000 40.275783
-2.280000 -1.200000 40.047148
-2.280000 -1.120000 39.779782
-2.280000 -1.040000 39.467314
-2.280000 -0.960000 39.088902
-2.280000 -0.880000 38.615741
-2.280000 -0.800000 38.038442
-2.280000 -0.720000 37.387883
-2.280000 -0.640000 36.742883
-2.280000 -0.560000 36.229873
-2.280000 -0.480000 36.059966
-2.280000 -0.400000 36.444950
-2.280000 -0.320000 37.369599
-2.280000 -0.240000 38.291762
-2.280000 -0.160000 38.492074
-2.280000 -0.080000 38.083115
-2.280000 0.000000 37.912186
-2.280000 0.080000 37.825724
-2.280000 0.160000 37.780862
-2.280000 0.240000 37.892912
-2.280000 0.320000 37.920816
-2.280000 0.400000 37.855766
-2.280000 0.480000 37.875074
-2.280000 0.560000 37.887977
-2.280000 0.640000 37.872331
-2.280000 0.720000 37.874047
-2.280000 0.800000 37.877917
-2.280000 0.880000 37.873889
-2.280000 0.960000 37.875227
-2.280000 1.040000 37.874962
-2.280000 1.120000 37.874826
-2.280000 1.200000 37.874217
-2.280000 1.280000 37.874700
-2.280000 1.360000 37.875209
-2.280000 1.440000 37.874494
-2.280000 1.520000 37.874308
-2.280000 1.600000 37.875043
-2.280000 1.680000 37.874747
-2.280000 1.760000 37.875134
-2.280000 1.840000 37.874623
-2.280000 1.920000 37.874624
-2.280000 2.000000 37.875156
-2.220000 -2.000000 41.000101
-2.220000 -1.920000 40.981335
-2.220000 -1.840000 40.954601
-2.220000 -1.760000 40.916750
-2.220000 -1.680000 40.863628
-2.220000 -1.600000 40.789983
-2.220000 -1.520000 40.689588
-2.220000 -1.440000 40.555784
-2.220000 -1.360000 40.382602
-2.220000 -1.280000 40.166302
-2.220000 -1.200000 39.906236
-2.220000 -1.120000 39.602397
-2.220000 -1.040000 39.247096
-2.220000 -0.960000 38.815609
-2.220000 -0.880000 38.273933
-2.220000 -0.800000 37.611588
-2.220000 -0.720000 36.867080
-2.220000 -0.640000 36.133035
-2.220000 -0.560000 35.550378
-2.220000 -0.480000 35.356481
-2.220000 -0.400000 35.792396
-2.220000 -0.320000 36.842990
-2.220000 -0.240000 37.894963
-2.220000 -0.160000 38.124661
-2.220000 -0.080000 37.657062
-2.220000 0.000000 37.462132
-2.220000 0.080000 37.363248
-2.220000 0.160000 37.312173
-2.220000 0.240000 37.439916
-2.220000 0.320000 37.471605
-2.220000 0.400000 37.397475
-2.220000 0.480000 37.419502
-2.220000 0.560000 37.434228
-2.220000 0.640000 37.416339
-2.220000 0.720000 37.418312
-2.220000 0.800000 37.422726
-2.220000 0.880000 37.418130
-2.220000 0.960000 37.419656
-2.220000 1.040000 37.419354
-2.220000 1.120000 37.419198
-2.220000 1.200000 37.418505
-2.220000 1.280000 37.419056
-2.220000 1.360000 37.419634
-2.220000 1.440000 37.418821
-2.220000 1.520000 37.418610
-2.220000 1.600000 37.419445
-2.220000 1.680000 37.419108
-2.220000 1.760000 37.419550
-2.220000 1.840000 37.418968
-2.220000 1.920000 37.418970
-2.220000 2.000000 37.419575
-2.160000 -2.000000 40.993753
-2.160000 -1.920000 40.972224
-2.160000 -1.840000 40.941562
-2.160000 -1.760000 40.898171
-2.160000 -1.680000 40.837313
-2.160000 -1.600000 40.753013
-2.160000 -1.520000 40.638223
-2.160000 -1.440000 40.485447
-2.160000 -1.360000 40.288039
-2.160000 -1.280000 40.041936
-2.160000 -1.200000 39.746560
-2.160000 -1.120000 39.401842
-2.160000 -1.040000 38.998464
-2.160000 -0.960000 38.506989
-2.160000 -0.880000 37.887153
-2.160000 -0.800000 37.127315
-2.160000 -0.720000 36.275712
-2.160000 -0.640000 35.441505
-2.160000 -0.560000 34.780905
-2.160000 -0.480000 34.559839
-2.160000 -0.400000 35.052289
-2.160000 -0.320000 36.243971
-2.160000 -0.240000 37.442819
-2.160000 -0.160000 37.706163
-2.160000 -0.080000 37.171858
-2.160000 0.000000 36.949792
-2.160000 0.080000 36.836769
-2.160000 0.160000 36.778698
-2.160000 0.240000 36.924169
-2.160000 0.320000 36.960093
-2.160000 0.400000 36.875717
-2.160000 0.480000 36.900819
-2.160000 0.560000 36.917610
-2.160000 0.640000 36.897171
-2.160000 0.720000 36.899439
-2.160000 0.800000 36.904467
-2.160000 0.880000 36.899230
-2.160000 0.960000 36.900968
-2.160000 1.040000 36.900624
-2.160000 1.120000 36.900445
-2.160000 1.200000 36.899657
-2.160000 1.280000 36.900285
-2.160000 1.360000 36.900941
-2.160000 1.440000 36.900017
-2.160000 1.520000 36.899780
-2.160000 1.600000 36.900727
-2.160000 1.680000 36.900341
-2.160000 1.760000 36.900847
-2.160000 1.840000 36.900185
-2.160000 1.920000 36.900190
-2.160000 2.000000 36.900876
-2.100000 -2.000000 40.986469
-2.100000 -1.920000 40.961772
-2.100000 -1.840000 40.926613
-2.100000 -1.760000 40.876882
-2.100000 -1.680000 40.807184
-2.100000 -1.600000 40.710734
-2.100000 -1.520000 40.579566
-2.100000 -1.440000 40.405278
-2.100000 -1.360000 40.180511
-2.100000 -1.280000 39.900904
-2.100000 -1.200000 39.566011
-2.100000 -1.120000 39.175674
-2.100000 -1.040000 38.718550
-2.100000 -0.960000 38.159452
-2.100000 -0.880000 37.450540
-2.100000 -0.800000 36.578969
-2.100000 -0.720000 35.605426
-2.100000 -0.640000 34.658950
-2.100000 -0.560000 33.911526
-2.100000 -0.480000 33.659763
-2.100000 -0.400000 34.214562
-2.100000 -0.320000 35.563600
-2.100000 -0.240000 36.928226
-2.100000 -0.160000 37.230077
-2.100000 -0.080000 36.620001
-2.100000 0.000000 36.367334
-2.100000 0.080000 36.238241
-2.100000 0.160000 36.172319
-2.100000 0.240000 36.337764
-2.100000 0.320000 36.378405
-2.100000 0.400000 36.282498
-2.100000 0.480000 36.311072
-2.100000 0.560000 36.330196
-2.100000 0.640000 36.306860
-2.100000 0.720000 36.309468
-2.100000 0.800000 36.315190
-2.100000 0.880000 36.309229
-2.100000 0.960000 36.311205
-2.100000 1.040000 36.310814
-2.100000 1.120000 36.310609
-2.100000 1.200000 36.309714
-2.100000 1.280000 36.310429
-2.100000 1.360000 36.311172
-2.100000 1.440000 36.310124
-2.100000 1.520000 36.309857
-2.100000 1.600000 36.310929
-2.100000 1.680000 36.310490
-2.100000 1.760000 36.311067
-2.100000 1.840000 36.310314
-2.100000 1.920000 36.310323
-2.100000 2.000000 36.311100
-2.040000 -2.000000 40.978113
-2.040000 -1.920000 40.949786
-2.040000 -1.840000 40.909476
-2.040000 -1.760000 40.852496
-2.040000 -1.680000 40.772703
-2.040000 -1.600000 40.662410
-2.040000 -1.520000 40.512640
-2.040000 -1.440000 40.314010
-2.040000 -1.360000 40.058430
-2.040000 -1.280000 39.741297
-2.040000 -1.200000 39.362382
-2.040000 -1.120000 38.921404
-2.040000 -1.040000 38.404484
-2.040000 -0.960000 37.769398
-2.040000 -0.880000 36.959091
-2.040000 -0.800000 35.959500
-2.040000 -0.720000 34.847296
-2.040000 -0.640000 33.775521
-2.040000 -0.560000 32.931927
-2.040000 -0.480000 32.645571
-2.040000 -0.400000 33.268580
-2.040000 -0.320000 34.792179
-2.040000 -0.240000 36.343376
-2.040000 -0.160000 36.689279
-2.040000 -0.080000 35.993284
-2.040000 0.000000 35.706214
-2.040000 0.080000 35.558884
-2.040000 0.160000 35.484188
-2.040000 0.240000 35.672063
-2.040000 0.320000 35.717926
-2.040000 0.400000 35.609089
-2.040000 0.480000 35.641570
-2.040000 0.560000 35.663324
-2.040000 0.640000 35.636705
-2.040000 0.720000 35.639704
-2.040000 0.800000 35.646207
-2.040000 0.880000 35.639430
-2.040000 0.960000 35.641674
-2.040000 1.040000 35.641229
-2.040000 1.120000 35.640995
-2.040000 1.200000 35.639981
-2.040000 1.280000 35.640793
-2.040000 1.360000 35.641634
-2.040000 1.440000 35.640446
-2.040000 1.520000 35.640147
-2.040000 1.600000 35.641357
-2.040000 1.680000 35.640857
-2.040000 1.760000 35.641517
-2.040000 1.840000 35.640663
-2.040000 1.920000 35.640676
-2.040000 2.000000 35.641553
-1.980000 -2.000000 40.968527
-1.980000 -1.920000 40.936042
-1.980000 -1.840000 40.889838
-1.980000 -1.760000 40.824571
-1.980000 -1.680000 40.733263
-1.980000 -1.600000 40.607218
-1.980000 -1.520000 40.436354
-1.980000 -1.440000 40.210245
-1.980000 -1.360000 39.920080
-1.980000 -1.280000 39.561101
-1.980000 -1.200000 39.133424
-1.980000 -1.120000 38.636589
-1.980000 -1.040000 38.053537
-1.980000 -0.960000 37.333383
-1.980000 -0.880000 36.407815
-1.980000 -0.800000 35.261589
-1.980000 -0.720000 33.991956
-1.980000 -0.640000 32.781068
-1.980000 -0.560000 31.831690
-1.980000 -0.480000 31.506478
-1.980000 -0.400000 32.203353
-1.980000 -0.320000 33.919319
-1.980000 -0.240000 35.679764
-1.980000 -0.160000 36.076031
-1.980000 -0.080000 35.282810
-1.980000 0.000000 34.957205
-1.980000 0.080000 34.789219
-1.980000 0.160000 34.704764
-1.980000 0.240000 34.917731
-1.980000 0.320000 34.969335
-1.980000 0.400000 34.846060
-1.980000 0.480000 34.882923
-1.980000 0.560000 34.907632
-1.980000 0.640000 34.877297
-1.980000 0.720000 34.880747
-1.980000 0.800000 34.888125
-1.980000 0.880000 34.880433
-1.980000 0.960000 34.882978
-1.980000 1.040000 34.882473
-1.980000 1.120000 34.882205
-1.980000 1.200000 34.881058
-1.980000 1.280000 34.881980
-1.980000 1.360000 34.882928
-1.980000 1.440000 34.881586
-1.980000 1.520000 34.881253
-1.980000 1.600000 34.882615
-1.980000 1.680000 34.882047
-1.980000 1.760000 34.882798
-1.980000 1.840000 34.881832
-1.980000 1.920000 34.881852
-1.980000 2.000000 34.882840
-1.920000 -2.000000 40.957533
-1.920000 -1.920000 40.920286
-1.920000 -1.840000 40.867338
-1.920000 -1.760000 40.792606
-1.920000 -1.680000 40.688174
-1.920000 -1.600000 40.544231
-1.920000 -1.520000 40.349496
-1.920000 -1.440000 40.092458
-1.920000 -1.360000 39.763628
-1.920000 -1.280000 39.358239
-1.920000 -1.200000 38.876922
-1.920000 -1.120000 38.318971
-1.920000 -1.040000 37.663316
-1.920000 -0.960000 36.848362
-1.920000 -0.880000 35.791980
-1.920000 -0.800000 34.477859
-1.920000 -0.720000 33.029811
-1.920000 -0.640000 31.665463
-1.920000 -0.560000 30.600738
-1.920000 -0.480000 30.232049
-1.920000 -0.400000 31.007865
-1.920000 -0.320000 32.934084
-1.920000 -0.240000 34.928230
-1.920000 -0.160000 35.382044
-1.920000 -0.080000 34.479064
-1.920000 0.000000 34.110486
-1.920000 0.080000 33.919157
-1.920000 0.160000 33.823915
-1.920000 0.240000 34.064817
-1.920000 0.320000 34.122679
-1.920000 0.400000 33.983362
-1.920000 0.480000 34.025120
-1.920000 0.560000 34.053136
-1.920000 0.640000 34.018609
-1.920000 0.720000 34.022579
-1.920000 0.800000 34.030932
-1.920000 0.880000 34.022218
-1.920000 0.960000 34.025098
-1.920000 1.040000 34.024527
-1.920000 1.120000 34.024219
-1.920000 1.200000 34.022926
-1.920000 1.280000 34.023970
-1.920000 1.360000 34.025036
-1.920000 1.440000 34.023524
-1.920000 1.520000 34.023154
-1.920000 1.600000 34.024683
-1.920000 1.680000 34.024037
-1.920000 1.760000 34.024894
-1.920000 1.840000 34.023802
-1.920000 1.920000 34.023831
-1.920000 2.000000 34.024940
-1.860000 -2.000000 40.944925
-1.860000 -1.920000 40.902226
-1.860000 -1.840000 40.841568
-1.860000 -1.760000 40.756035
-1.860000 -1.680000 40.636662
-1.860000 -1.600000 40.472416
-1.860000 -1.520000 40.250733
-1.860000 -1.440000 39.959002
-1.860000 -1.360000 39.587155
-1.860000 -1.280000 39.130636
-1.860000 -1.200000 38.590826
-1.860000 -1.120000 37.966680
-1.860000 -1.040000 37.232050
-1.860000 -0.960000 36.312036
-1.860000 -0.880000 35.107470
-1.860000 -0.800000 33.601191
-1.860000 -0.720000 31.951378
-1.860000 -0.640000 30.419089
-1.860000 -0.560000 29.229981
-1.860000 -0.480000 28.812872
-1.860000 -0.400000 29.671590
-1.860000 -0.320000 31.825215
-1.860000 -0.240000 34.079057
-1.860000 -0.160000 34.598572
-1.860000 -0.080000 33.572044
-1.860000 0.000000 33.155803
-1.860000 0.080000 32.938163
-1.860000 0.160000 32.831084
-1.860000 0.240000 33.102911
-1.860000 0.320000 33.167515
-1.860000 0.400000 33.010487
-1.860000 0.480000 33.057684
-1.860000 0.560000 33.089386
-1.860000 0.640000 33.050141
-1.860000 0.720000 33.054710
-1.860000 0.800000 33.064146
-1.860000 0.880000 33.054297
-1.860000 0.960000 33.057547
-1.860000 1.040000 33.056902
-1.860000 1.120000 33.056550
-1.860000 1.200000 33.055096
-1.860000 1.280000 33.056276
-1.860000 1.360000 33.057469
-1.860000 1.440000 33.055771
-1.860000 1.520000 33.055363
-1.860000 1.600000 33.057072
-1.860000 1.680000 33.056340
-1.860000 1.760000 33.057315
-1.860000 1.840000 33.056085
-1.860000 1.920000 33.056127
-1.860000 2.000000 33.057366
-1.800000 -2.000000 40.930470
-1.800000 -1.920000 40.881531
-1.800000 -1.840000 40.812065
-1.800000 -1.760000 40.714215
-1.800000 -1.680000 40.577857
-1.800000 -1.600000 40.390625
-1.800000 -1.520000 40.138607
-1.800000 -1.440000 39.808122
-1.800000 -1.360000 39.388699
-1.800000 -1.280000 38.876317
-1.800000 -1.200000 38.273427
-1.800000 -1.120000 37.578519
-1.800000 -1.040000 36.758996
-1.800000 -0.960000 35.723346
-1.800000 -0.880000 34.351290
-1.800000 -0.800000 32.625191
-1.800000 -0.720000 30.747784
-1.800000 -0.640000 29.033554
-1.800000 -0.560000 27.712254
-1.800000 -0.480000 27.241525
-1.800000 -0.400000 28.185231
-1.800000 -0.320000 30.581503
-1.800000 -0.240000 33.122141
-1.800000 -0.160000 33.716604
-1.800000 -0.080000 32.551479
-1.800000 0.000000 32.082723
-1.800000 0.080000 31.835522
-1.800000 0.160000 31.715575
-1.800000 0.240000 32.021391
-1.800000 0.320000 32.093155
-1.800000 0.400000 31.916724
-1.800000 0.480000 31.969929
-1.800000 0.560000 32.005712
-1.800000 0.640000 31.961178
-1.800000 0.720000 31.966439
-1.800000 0.800000 31.977069
-1.800000 0.880000 31.965965
-1.800000 0.960000 31.969623
-1.800000 1.040000 31.968897
-1.800000 1.120000 31.968495
-1.800000 1.200000 31.966865
-1.800000 1.280000 31.968195
-1.800000 1.360000 31.969525
-1.800000 1.440000 31.967626
-1.800000 1.520000 31.967179
-1.800000 1.600000 31.969081
-1.800000 1.680000 31.968252
-1.800000 1.760000 31.969360
-1.800000 1.840000 31.967979
-1.800000 1.920000 31.968037
-1.800000 2.000000 31.969416
-1.740000 -2.000000 40.913899
-1.740000 -1.920000 40.857825
-1.740000 -1.840000 40.778301
-1.740000 -1.760000 40.666423
-1.740000 -1.680000 40.510788
-1.740000 -1.600000 40.297594
-1.740000 -1.520000 40.011545
-1.740000 -1.440000 39.637985
-1.740000 -1.360000 39.166327
-1.740000 -1.280000 38.593553
-1.740000 -1.200000 37.923614
-1.740000 -1.120000 37.154370
-1.740000 -1.040000 36.244996
-1.740000 -0.960000 35.083156
-1.740000 -0.880000 33.522288
-1.740000 -0.800000 31.544865
-1.740000 -0.720000 29.411502
-1.740000 -0.640000 27.502720
-1.740000 -0.560000 26.043641
-1.740000 -0.480000 25.513949
-1.740000 -0.400000 26.541792
-1.740000 -0.320000 29.192341
-1.740000 -0.240000 32.047267
-1.740000 -0.160000 32.727139
-1.740000 -0.080000 31.407177
-1.740000 0.000000 30.881038
-1.740000 0.080000 30.600751
-1.740000 0.160000 30.466984
-1.740000 0.240000 30.809824
-1.740000 0.320000 30.889040
-1.740000 0.400000 30.691561
-1.740000 0.480000 30.751350
-1.740000 0.560000 30.791625
-1.740000 0.640000 30.741184
-1.740000 0.720000 30.747245
-1.740000 0.800000 30.759181
-1.740000 0.880000 30.746702
-1.740000 0.960000 30.750805
-1.740000 1.040000 30.749990
-1.740000 1.120000 30.749530
-1.740000 1.200000 30.747712
-1.740000 1.280000 30.749205
-1.740000 1.360000 30.750681
-1.740000 1.440000 30.748566
-1.740000 1.520000 30.748082
-1.740000 1.600000 30.750185
-1.740000 1.680000 30.749249
-1.740000 1.760000 30.750506
-1.740000 1.840000 30.748962
-1.740000 1.920000 30.749043
-1.740000 2.000000 30.750568
-1.680000 -2.000000 40.894907
-1.680000 -1.920000 40.830678
-1.680000 -1.840000 40.739680
-1.680000 -1.760000 40.611846
-1.680000 -1.680000 40.434371
-1.680000 -1.600000 40.191934
-1.680000 -1.520000 39.867864
-1.680000 -1.440000 39.446721
-1.680000 -1.360000 38.918244
-1.680000 -1.280000 38.281069
-1.680000 -1.200000 37.541236
-1.680000 -1.120000 36.695750
-1.680000 -1.040000 35.693258
-1.680000 -0.960000 34.395205
-1.680000 -0.880000 32.622154
-1.680000 -0.800000 30.357574
-1.680000 -0.720000 27.937396
-1.680000 -0.640000 25.824149
-1.680000 -0.560000 24.225328
-1.680000 -0.480000 23.631368
-1.680000 -0.400000 24.738095
-1.680000 -0.320000 27.648531
-1.680000 -0.240000 30.844539
-1.680000 -0.160000 31.621626
-1.680000 -0.080000 30.129545
-1.680000 0.000000 29.541362
-1.680000 0.080000 29.224214
-1.680000 0.160000 29.075836
-1.680000 0.240000 29.458550
-1.680000 0.320000 29.545310
-1.680000 0.400000 29.325285
-1.680000 0.480000 29.392220
-1.680000 0.560000 29.437394
-1.680000 0.640000 29.380391
-1.680000 0.720000 29.387376
-1.680000 0.800000 29.400726
-1.680000 0.880000 29.386754
-1.680000 0.960000 29.391337
-1.680000 1.040000 29.390426
-1.680000 1.120000 29.389901
-1.680000 1.200000 29.387883
-1.680000 1.280000 29.389554
-1.680000 1.360000 29.391180
-1.680000 1.440000 29.388839
-1.680000 1.520000 29.388321
-1.680000 1.600000 29.390629
-1.680000 1.680000 29.389576
-1.680000 1.760000 29.391000
-1.680000 1.840000 29.389281
-1.680000 1.920000 29.389393
-1.680000 2.000000 29.391067
-1.620000 -2.000000 40.873148
-1.620000 -1.920000 40.799603
-1.620000 -1.840000 40.695531
-1.620000 -1.760000 40.549572
-1.620000 -1.680000 40.347409
-1.620000 -1.600000 40.072142
-1.620000 -1.520000 39.705806
-1.620000 -1.440000 39.232501
-1.620000 -1.360000 38.642942
-1.620000 -1.280000 37.938335
-1.620000 -1.200000 37.127597
-1.620000 -1.120000 36.206579
-1.620000 -1.040000 35.110417
-1.620000 -0.960000 33.667400
-1.620000 -0.880000 31.656799
-1.620000 -0.800000 29.064365
-1.620000 -0.720000 26.324189
-1.620000 -0.640000 24.001113
-1.620000 -0.560000 22.266170
-1.620000 -0.480000 21.602943
-1.620000 -0.400000 22.776882
-1.620000 -0.320000 25.943444
-1.620000 -0.240000 29.505007
-1.620000 -0.160000 30.392594
-1.620000 -0.080000 28.710353
-1.620000 0.000000 28.055995
-1.620000 0.080000 27.698008
-1.620000 0.160000 27.534514
-1.620000 0.240000 27.959533
-1.620000 0.320000 28.053620
-1.620000 0.400000 27.809845
-1.620000 0.480000 27.884441
-1.620000 0.560000 27.934900
-1.620000 0.640000 27.870653
-1.620000 0.720000 27.878707
-1.620000 0.800000 27.893568
-1.620000 0.880000 27.877994
-1.620000 0.960000 27.883088
-1.620000 1.040000 27.882074
-1.620000 1.120000 27.881475
-1.620000 1.200000 27.879251
-1.620000 1.280000 27.881112
-1.620000 1.360000 27.882888
-1.620000 1.440000 27.880314
-1.620000 1.520000 27.879771
-1.620000 1.600000 27.882280
-1.620000 1.680000 27.881100
-1.620000 1.760000 27.882708
-1.620000 1.840000 27.880806
-1.620000 1.920000 27.880959
-1.620000 2.000000 27.882780
-1.560000 -2.000000 40.848225
-1.560000 -1.920000 40.764049
-1.560000 -1.840000 40.645093
-1.560000 -1.760000 40.478585
-1.560000 -1.680000 40.248588
-1.560000 -1.600000 39.936609
-1.560000 -1.520000 39.523574
-1.560000 -1.440000 38.993635
-1.560000 -1.360000 38.339422
-1.560000 -1.280000 37.565977
-1.560000 -1.200000 36.686147
-1.560000 -1.120000 35.694233
-1.560000 -1.040000 34.507981
-1.560000 -0.960000 32.913593
-1.560000 -0.880000 30.638245
-1.560000 -0.800000 27.671821
-1.560000 -0.720000 24.576510
-1.560000 -0.640000 22.045380
-1.560000 -0.560000 20.186212
-1.560000 -0.480000 19.449416
-1.560000 -0.400000 20.669733
-1.560000 -0.320000 24.074649
-1.560000 -0.240000 28.021571
-1.560000 -0.160000 29.034557
-1.560000 -0.080000 27.143817
-1.560000 0.000000 26.420154
-1.560000 0.080000 26.017234
-1.560000 0.160000 25.838567
-1.560000 0.240000 26.307579
-1.560000 0.320000 26.408321
-1.560000 0.400000 26.140091
-1.560000 0.480000 26.222765
-1.560000 0.560000 26.278844
-1.560000 0.640000 26.206663
-1.560000 0.720000 26.215955
-1.560000 0.800000 26.232403
-1.560000 0.880000 26.215139
-1.560000 0.960000 26.220765
-1.560000 1.040000 26.219644
-1.560000 1.120000 26.218962
-1.560000 1.200000 26.216529
-1.560000 1.280000 26.218589
-1.560000 1.360000 26.220510
-1.560000 1.440000 26.217705
-1.560000 1.520000 26.217149
-1.560000 1.600000 26.219844
-1.560000 1.680000 26.218526
-1.560000 1.760000 26.220338
-1.560000 1.840000 26.218249
-1.560000 1.920000 26.218457
-1.560000 2.000000 26.220414
-1.500000 -2.000000 40.819690
-1.500000 -1.920000 40.723390
-1.500000 -1.840000 40.587517
-1.500000 -1.760000 40.397757
-1.500000 -1.680000 40.136475
-1.500000 -1.600000 39.783643
-1.500000 -1.520000 39.319400
-1.500000 -1.440000 38.728729
-1.500000 -1.360000 38.007505
-1.500000 -1.280000 37.166337
-1.500000 -1.200000 36.223417
-1.500000 -1.120000 35.170968
-1.500000 -1.040000 33.904292
-1.500000 -0.960000 32.155970
-1.500000 -0.880000 29.587198
-1.500000 -0.800000 26.194586
-1.500000 -0.720000 22.707702
-1.500000 -0.640000 19.981016
-1.500000 -0.560000 18.021488
-1.500000 -0.480000 17.208081
-1.500000 -0.400000 18.441054
-1.500000 -0.320000 22.046190
-1.500000 -0.240000 26.390275
-1.500000 -0.160000 27.545296
-1.500000 -0.080000 25.428129
-1.500000 0.000000 24.633690
-1.500000 0.080000 24.181760
-1.500000 0.160000 23.988553
-1.500000 0.240000 24.502036
-1.500000 0.320000 24.608100
-1.500000 0.400000 24.315504
-1.500000 0.480000 24.406507
-1.500000 0.560000 24.468448
-1.500000 0.640000 24.387660
-1.500000 0.720000 24.398389
-1.500000 0.800000 24.416462
-1.500000 0.880000 24.397455
-1.500000 0.960000 24.403621
-1.500000 1.040000 24.402391
-1.500000 1.120000 24.401614
-1.500000 1.200000 24.398981
-1.500000 1.280000 24.401246
-1.500000 1.360000 24.403294
-1.500000 1.440000 24.400274
-1.500000 1.520000 24.399723
-1.500000 1.600000 24.402573
-1.500000 1.680000 24.401109
-1.500000 1.760000 24.403144
-1.500000 1.840000 24.400869
-1.500000 1.920000 24.401151
-1.500000 2.000000 24.403222
-1.440000 -2.000000 40.787031
-1.440000 -1.920000 40.676924
-1.440000 -1.840000 40.521852
-1.440000 -1.760000 40.305845
-1.440000 -1.680000 40.009532
-1.440000 -1.600000 39.611500
-1.440000 -1.520000 39.091641
-1.440000 -1.440000 38.436900
-1.440000 -1.360000 37.648258
-1.440000 -1.280000 36.744249
-1.440000 -1.200000 35.750297
-1.440000 -1.120000 34.655849
-1.440000 -1.040000 33.327170
-1.440000 -0.960000 31.428295
-1.440000 -0.880000 28.536527
-1.440000 -0.800000 24.658819
-1.440000 -0.720000 20.743676
-1.440000 -0.640000 17.849568
-1.440000 -0.560000 15.830532
-1.440000 -0.480000 14.939523
-1.440000 -0.400000 16.133516
-1.440000 -0.320000 19.871712
-1.440000 -0.240000 24.612100
-1.440000 -0.160000 25.927640
-1.440000 -0.080000 23.567590
-1.440000 0.000000 22.703484
-1.440000 0.080000 22.198683
-1.440000 0.160000 21.992579
-1.440000 0.240000 22.549160
-1.440000 0.320000 22.658278
-1.440000 0.400000 22.342600
-1.440000 0.480000 22.441916
-1.440000 0.560000 22.509810
-1.440000 0.640000 22.419805
-1.440000 0.720000 22.432203
-1.440000 0.800000 22.451883
-1.440000 0.880000 22.431135
-1.440000 0.960000 22.437827
-1.440000 1.040000 22.436490
-1.440000 1.120000 22.435606
-1.440000 1.200000 22.432794
-1.440000 1.280000 22.435263
-1.440000 1.360000 22.437407
-1.440000 1.440000 22.434201
-1.440000 1.520000 22.433685
-1.440000 1.600000 22.436636
-1.440000 1.680000 22.435019
-1.440000 1.760000 22.437296
-1.440000 1.840000 22.434848
-1.440000 1.920000 22.435227
-1.440000 2.000000 22.437374
-1.380000 -2.000000 40.749672
-1.380000 -1.920000 40.623857
-1.380000 -1.840000 40.447039
-1.380000 -1.760000 40.201491
-1.380000 -1.680000 39.866127
-1.380000 -1.600000 39.418451
-1.380000 -1.520000 38.838926
-1.380000 -1.440000 38.118081
-1.380000 -1.360000 37.264583
-1.380000 -1.280000 36.308085
-1.380000 -1.200000 35.283760
-1.380000 -1.120000 34.177346
-1.380000 -1.040000 32.817472
-1.380000 -0.960000 30.780260
-1.380000 -0.880000 27.535966
-1.380000 -0.800000 23.106872
-1.380000 -0.720000 18.728135
-1.380000 -0.640000 15.717084
-1.380000 -0.560000 13.703178
-1.380000 -0.480000 12.736727
-1.380000 -0.400000 13.815422
-1.380000 -0.320000 17.578754
-1.380000 -0.240000 22.695457
-1.380000 -0.160000 24.191925
-1.380000 -0.080000 21.575533
-1.380000 0.000000 20.646727
-1.380000 0.080000 20.085704
-1.380000 0.160000 19.869797
-1.380000 0.240000 20.465366
-1.380000 0.320000 20.573962
-1.380000 0.400000 20.238231
-1.380000 0.480000 20.345449
-1.380000 0.560000 20.419150
-1.380000 0.640000 20.319439
-1.380000 0.720000 20.333777
-1.380000 0.800000 20.354963
-1.380000 0.880000 20.332556
-1.380000 0.960000 20.339731
-1.380000 1.040000 20.338294
-1.380000 1.120000 20.337291
-1.380000 1.200000 20.334339
-1.380000 1.280000 20.337001
-1.380000 1.360000 20.339190
-1.380000 1.440000 20.335854
-1.380000 1.520000 20.335415
-1.380000 1.600000 20.338379
-1.380000 1.680000 20.336607
-1.380000 1.760000 20.339143
-1.380000 1.840000 20.336548
-1.380000 1.920000 20.337057
-1.380000 2.000000 20.339217
-1.320000 -2.000000 40.706961
-1.320000 -1.920000 40.563303
-1.320000 -1.840000 40.361907
-1.320000 -1.760000 40.083225
-1.320000 -1.680000 39.704569
-1.320000 -1.600000 39.202862
-1.320000 -1.520000 38.560352
-1.320000 -1.440000 37.773445
-1.320000 -1.360000 36.862026
-1.320000 -1.280000 35.871183
-1.320000 -1.200000 34.849183
-1.320000 -1.120000 33.776828
-1.320000 -1.040000 32.433856
-1.320000 -0.960000 30.283318
-1.320000 -0.880000 26.658427
-1.320000 -0.800000 21.603613
-1.320000 -0.720000 16.729659
-1.320000 -0.640000 13.683581
-1.320000 -0.560000 11.772398
-1.320000 -0.480000 10.737328
-1.320000 -0.400000 11.590653
-1.320000 -0.320000 15.214584
-1.320000 -0.240000 20.659607
-1.320000 -0.160000 22.359358
-1.320000 -0.080000 19.478343
-1.320000 0.000000 18.495403
-1.320000 0.080000 17.875737
-1.320000 0.160000 17.655175
-1.320000 0.240000 18.281673
-1.320000 0.320000 18.384358
-1.320000 0.400000 18.034106
-1.320000 0.480000 18.148228
-1.320000 0.560000 18.227244
-1.320000 0.640000 18.117543
-1.320000 0.720000 18.134143
-1.320000 0.800000 18.156609
-1.320000 0.880000 18.132748
-1.320000 0.960000 18.140314
-1.320000 1.040000 18.138793
-1.320000 1.120000 18.137657
-1.320000 1.200000 18.134635
-1.320000 1.280000 18.137462
-1.320000 1.360000 18.139614
-1.320000 1.440000 18.136240
-1.320000 1.520000 18.135939
-1.320000 1.600000 18.138782
-1.320000 1.680000 18.136860
-1.320000 1.760000 18.139667
-1.320000 1.840000 18.136972
-1.320000 1.920000 18.137655
-1.320000 2.000000 18.139731
-1.260000 -2.000000 40.658162
-1.260000 -1.920000 40.494272
-1.260000 -1.840000 40.265172
-1.260000 -1.760000 39.949479
-1.260000 -1.680000 39.523151
-1.260000 -1.600000 38.963321
-1.260000 -1.520000 38.255775
-1.260000 -1.440000 37.405982
-1.260000 -1.360000 36.449870
-1.260000 -1.280000 35.453762
-1.260000 -1.200000 34.483470
-1.260000 -1.120000 33.513228
-1.260000 -1.040000 32.259162
-1.260000 -0.960000 30.038498
-1.260000 -0.880000 26.008467
-1.260000 -0.800000 20.244926
-1.260000 -0.720000 14.851242
-1.260000 -0.640000 11.895774
-1.260000 -0.560000 10.230182
-1.260000 -0.480000 9.140057
-1.260000 -0.400000 9.612036
-1.260000 -0.320000 12.854104
-1.260000 -0.240000 18.539321
-1.260000 -0.160000 20.466609
-1.260000 -0.080000 17.320914
-1.260000 0.000000 16.302385
-1.260000 0.080000 15.623178
-1.260000 0.160000 15.405967
-1.260000 0.240000 16.049739
-1.260000 0.320000 16.138636
-1.260000 0.400000 15.782921
-1.260000 0.480000 15.902111
-1.260000 0.560000 15.985445
-1.260000 0.640000 15.865797
-1.260000 0.720000 15.885037
-1.260000 0.800000 15.908381
-1.260000 0.880000 15.883444
-1.260000 0.960000 15.891246
-1.260000 1.040000 15.889671
-1.260000 1.120000 15.888386
-1.260000 1.200000 15.885399
-1.260000 1.280000 15.888343
-1.260000 1.360000 15.890340
-1.260000 1.440000 15.887067
-1.260000 1.520000 15.886987
-1.260000 1.600000 15.889514
-1.260000 1.680000 15.887455
-1.260000 1.760000 15.890541
-1.260000 1.840000 15.887822
-1.260000 1.920000 15.888735
-1.260000 2.000000 15.890588
-1.200000 -2.000000 40.602450
-1.200000 -1.920000 40.415664
-1.200000 -1.840000 40.155435
-1.200000 -1.760000 39.798611
-1.200000 -1.680000 39.320230
-1.200000 -1.600000 38.698822
-1.200000 -1.520000 37.926202
-1.200000 -1.440000 37.021295
-1.200000 -1.360000 36.042620
-1.200000 -1.280000 35.085511
-1.200000 -1.200000 34.239232
-1.200000 -1.120000 33.469292
-1.200000 -1.040000 32.408919
-1.200000 -0.960000 30.186822
-1.200000 -0.880000 25.733606
-1.200000 -0.800000 19.169119
-1.200000 -0.720000 13.243109
-1.200000 -0.640000 10.564138
-1.200000 -0.560000 9.348798
-1.200000 -0.480000 8.226745
-1.200000 -0.400000 8.099279
-1.200000 -0.320000 10.610507
-1.200000 -0.240000 16.391208
-1.200000 -0.160000 18.572016
-1.200000 -0.080000 15.174033
-1.200000 0.000000 14.149662
-1.200000 0.080000 13.412361
-1.200000 0.160000 13.210465
-1.200000 0.240000 13.850028
-1.200000 0.320000 13.913863
-1.200000 0.400000 13.566651
-1.200000 0.480000 13.687893
-1.200000 0.560000 13.773835
-1.200000 0.640000 13.644771
-1.200000 0.720000 13.667100
-1.200000 0.800000 13.690672
-1.200000 0.880000 13.665284
-1.200000 0.960000 13.673074
-1.200000 1.040000 13.671491
-1.200000 1.120000 13.670042
-1.200000 1.200000 13.667250
-1.200000 1.280000 13.670232
-1.200000 1.360000 13.671899
-1.200000 1.440000 13.668932
-1.200000 1.520000 13.669192
-1.200000 1.600000 13.671122
-1.200000 1.680000 13.668952
-1.200000 1.760000 13.672315
-1.200000 1.840000 13.669688
-1.200000 1.920000 13.670906
-1.200000 2.000000 13.672333
-1.140000 -2.000000 40.538901
-1.140000 -1.920000 40.326269
-1.140000 -1.840000 40.031194
-1.140000 -1.760000 39.628938
-1.140000 -1.680000 39.094328
-1.140000 -1.600000 38.409019
-1.140000 -1.520000 37.574336
-1.140000 -1.440000 36.628678
-1.140000 -1.360000 35.661996
-1.140000 -1.280000 34.809044
-1.140000 -1.200000 34.190369
-1.140000 -1.120000 33.759902
-1.140000 -1.040000 33.042694
-1.140000 -0.960000 30.923202
-1.140000 -0.880000 26.039441
-1.140000 -0.800000 18.572195
-1.140000 -0.720000 12.119895
-1.140000 -0.640000 9.985734
-1.140000 -0.560000 9.509181
-1.140000 -0.480000 8.391709
-1.140000 -0.400000 7.362956
-1.140000 -0.320000 8.649607
-1.140000 -0.240000 14.302266
-1.140000 -0.160000 16.763963
-1.140000 -0.080000 13.144345
-1.140000 0.000000 12.159432
-1.140000 0.080000 11.368965
-1.140000 0.160000 11.199770
-1.140000 0.240000 11.802805
-1.140000 0.320000 11.825699
-1.140000 0.400000 11.507729
-1.140000 0.480000 11.626358
-1.140000 0.560000 11.712195
-1.140000 0.640000 11.574967
-1.140000 0.720000 11.600918
-1.140000 0.800000 11.623723
-1.140000 0.880000 11.598849
-1.140000 0.960000 11.606253
-1.140000 1.040000 11.604734
-1.140000 1.120000 11.603105
-1.140000 1.200000 11.600738
-1.140000 1.280000 11.603637
-1.140000 1.360000 11.604726
-1.140000 1.440000 11.602364
-1.140000 1.520000 11.603126
-1.140000 1.600000 11.604060
-1.140000 1.680000 11.601825
-1.140000 1.760000 11.605448
-1.140000 1.840000 11.603084
-1.140000 1.920000 11.604706
-1.140000 2.000000 11.605422
-1.080000 -2.000000 40.466487
-1.080000 -1.920000 40.224762
-1.080000 -1.840000 39.890858
-1.080000 -1.760000 39.438805
-1.080000 -1.680000 38.844296
-1.080000 -1.600000 38.094583
-1.080000 -1.520000 37.205318
-1.080000 -1.440000 36.242570
-1.080000 -1.360000 35.339622
-1.080000 -1.280000 34.684534
-1.080000 -1.200000 34.439523
-1.080000 -1.120000 34.543164
-1.080000 -1.040000 34.379174
-1.080000 -0.960000 32.514917
-1.080000 -0.880000 27.209776
-1.080000 -0.800000 18.728236
-1.080000 -0.720000 11.783593
-1.080000 -0.640000 10.574665
-1.080000 -0.560000 11.238781
-1.080000 -0.480000 10.180932
-1.080000 -0.400000 7.836533
-1.080000 -0.320000 7.209045
-1.080000 -0.240000 12.401375
-1.080000 -0.160000 15.172144
-1.080000 -0.080000 11.387736
-1.080000 0.000000 10.508986
-1.080000 0.080000 9.675321
-1.080000 0.160000 9.563596
-1.080000 0.240000 10.082912
-1.080000 0.320000 10.042759
-1.080000 0.400000 9.784040
-1.080000 0.480000 9.893123
-1.080000 0.560000 9.974752
-1.080000 0.640000 9.831637
-1.080000 0.720000 9.861847
-1.080000 0.800000 9.882417
-1.080000 0.880000 9.859493
-1.080000 0.960000 9.865966
-1.080000 1.040000 9.864613
-1.080000 1.120000 9.862788
-1.080000 1.200000 9.861178
-1.080000 1.280000 9.863814
-1.080000 1.360000 9.863978
-1.080000 1.440000 9.862641
-1.080000 1.520000 9.864126
-1.080000 1.600000 9.863510
-1.080000 1.680000 9.861282
-1.080000 1.760000 9.865128
-1.080000 1.840000 9.863273
-1.080000 1.920000 9.865431
-1.080000 2.000000 9.865037
-1.020000 -2.000000 40.384070
-1.020000 -1.920000 40.109707
-1.020000 -1.840000 39.732778
-1.020000 -1.760000 39.226669
-1.020000 -1.680000 38.569531
-1.020000 -1.600000 37.757687
-1.020000 -1.520000 36.827740
-1.020000 -1.440000 35.884518
-1.020000 -1.360000 35.120610
-1.020000 -1.280000 34.795889
-1.020000 -1.200000 35.127994
-1.020000 -1.120000 36.035156
-1.020000 -1.040000 36.716228
-1.020000 -0.960000 35.326184
-1.020000 -0.880000 29.633401
-1.020000 -0.800000 20.016577
-1.020000 -0.720000 12.654190
-1.020000 -0.640000 12.902659
-1.020000 -0.560000 15.261935
-1.020000 -0.480000 14.344208
-1.020000 -0.400000 10.119037
-1.020000 -0.320000 6.623969
-1.020000 -0.240000 10.874741
-1.020000 -0.160000 13.982665
-1.020000 -0.080000 10.127275
-1.020000 0.000000 9.450642
-1.020000 0.080000 8.590904
-1.020000 0.160000 8.571433
-1.020000 0.240000 8.939547
-1.020000 0.320000 8.805863
-1.020000 0.400000 8.649022
-1.020000 0.480000 8.738512
-1.020000 0.560000 8.809925
-1.020000 0.640000 8.664647
-1.020000 0.720000 8.699879
-1.020000 0.800000 8.716096
-1.020000 0.880000 8.697204
-1.020000 0.960000 8.701962
-1.020000 1.040000 8.700925
-1.020000 1.120000 8.698890
-1.020000 1.200000 8.698500
-1.020000 1.280000 8.700615
-1.020000 1.360000 8.699369
-1.020000 1.440000 8.699649
-1.020000 1.520000 8.702159
-1.020000 1.600000 8.699224
-1.020000 1.680000 8.697112
-1.020000 1.760000 8.701114
-1.020000 1.840000 8.700117
-1.020000 1.920000 8.702984
-1.020000 2.000000 8.700928
-0.960000 -2.000000 40.290399
-0.960000 -1.920000 39.979572
-0.960000 -1.840000 39.555294
-0.960000 -1.760000 38.991232
-0.960000 -1.680000 38.270286
-0.960000 -1.600000 37.402682
-0.960000 -1.520000 36.455008
-0.960000 -1.440000 35.585815
-0.960000 -1.360000 35.068371
-0.960000 -1.280000 35.258993
-0.960000 -1.200000 36.448939
-0.960000 -1.120000 38.529504
-0.960000 -1.040000 40.457515
-0.960000 -0.960000 39.850766
-0.960000 -0.880000 33.839680
-0.960000 -0.800000 22.957977
-0.960000 -0.720000 15.310452
-0.960000 -0.640000 17.753066
-0.960000 -0.560000 22.566828
-0.960000 -0.480000 21.904455
-0.960000 -0.400000 15.031843
-0.960000 -0.320000 7.361312
-0.960000 -0.240000 9.986550
-0.960000 -0.160000 13.458237
-0.960000 -0.080000 9.677198
-0.960000 0.000000 9.338385
-0.960000 0.080000 8.479720
-0.960000 0.160000 8.600798
-0.960000 0.240000 8.722704
-0.960000 0.320000 8.453756
-0.960000 0.400000 8.458510
-0.960000 0.480000 8.514126
-0.960000 0.560000 8.566709
-0.960000 0.640000 8.425008
-0.960000 0.720000 8.466178
-0.960000 0.800000 8.475042
-0.960000 0.880000 8.463144
-0.960000 0.960000 8.465081
-0.960000 1.040000 8.464572
-0.960000 1.120000 8.462315
-0.960000 1.200000 8.463790
-0.960000 1.280000 8.465016
-0.960000 1.360000 8.461697
-0.960000 1.440000 8.464409
-0.960000 1.520000 8.468352
-0.960000 1.600000 8.462046
-0.960000 1.680000 8.460209
-0.960000 1.760000 8.464258
-0.960000 1.840000 8.464608
-0.960000 1.920000 8.468413
-0.960000 2.000000 8.463938
-0.900000 -2.000000 40.184110
-0.900000 -1.920000 39.832750
-0.900000 -1.840000 39.356811
-0.900000 -1.760000 38.731630
-0.900000 -1.680000 37.948100
-0.900000 -1.600000 37.037008
-0.900000 -1.520000 36.107186
-0.900000 -1.440000 35.391024
-0.900000 -1.360000 35.271015
-0.900000 -1.280000 36.232651
-0.900000 -1.200000 38.664885
-0.900000 -1.120000 42.423368
-0.900000 -1.040000 46.147792
-0.900000 -0.960000 46.755214
-0.900000 -0.880000 40.545787
-0.900000 -0.800000 28.262693
-0.900000 -0.720000 20.544182
-0.900000 -0.640000 26.192597
-0.900000 -0.560000 34.494401
-0.900000 -0.480000 34.249755
-0.900000 -0.400000 23.694127
-0.900000 -0.320000 10.065450
-0.900000 -0.240000 10.106560
-0.900000 -0.160000 13.965133
-0.900000 -0.080000 10.474906
-0.900000 0.000000 10.663380
-0.900000 0.080000 9.846825
-0.900000 0.160000 10.174925
-0.900000 0.240000 9.918431
-0.900000 0.320000 9.457435
-0.900000 0.400000 9.706550
-0.900000 0.480000 9.708271
-0.900000 0.560000 9.729875
-0.900000 0.640000 9.600268
-0.900000 0.720000 9.648487
-0.900000 0.800000 9.645804
-0.900000 0.880000 9.645051
-0.900000 0.960000 9.642629
-0.900000 1.040000 9.642941
-0.900000 1.120000 9.640455
-0.900000 1.200000 9.644684
-0.900000 1.280000 9.644507
-0.900000 1.360000 9.638204
-0.900000 1.440000 9.644470
-0.900000 1.520000 9.650396
-0.900000 1.600000 9.639287
-0.900000 1.680000 9.637952
-0.900000 1.760000 9.641883
-0.900000 1.840000 9.644253
-0.900000 1.920000 9.649298
-0.900000 2.000000 9.641374
-0.840000 -2.000000 40.063735
-0.840000 -1.920000 39.667593
-0.840000 -1.840000 39.135903
-0.840000 -1.760000 38.447692
-0.840000 -1.680000 37.606381
-0.840000 -1.600000 36.672426
-0.840000 -1.520000 35.813466
-0.840000 -1.440000 35.362693
-0.840000 -1.360000 35.849887
-0.840000 -1.280000 37.933158
-0.840000 -1.200000 42.130989
-0.840000 -1.120000 48.251887
-0.840000 -1.040000 54.519681
-0.840000 -0.960000 56.936186
-0.840000 -0.880000 50.719338
-0.840000 -0.800000 36.894311
-0.840000 -0.720000 29.432294
-0.840000 -0.640000 39.666557
-0.840000 -0.560000 52.856289
-0.840000 -0.480000 53.255432
-0.840000 -0.400000 37.623042
-0.840000 -0.320000 15.618949
-0.840000 -0.240000 11.746886
-0.840000 -0.160000 16.009099
-0.840000 -0.080000 13.123602
-0.840000 0.000000 14.101270
-0.840000 0.080000 13.386954
-0.840000 0.160000 14.012923
-0.840000 0.240000 13.195791
-0.840000 0.320000 12.465855
-0.840000 0.400000 13.073077
-0.840000 0.480000 12.993147
-0.840000 0.560000 12.966842
-0.840000 0.640000 12.861652
-0.840000 0.720000 12.918265
-0.840000 0.800000 12.898231
-0.840000 0.880000 12.914385
-0.840000 0.960000 12.905477
-0.840000 1.040000 12.907019
-0.840000 1.120000 12.904303
-0.840000 1.200000 12.912500
-0.840000 1.280000 12.910208
-0.840000 1.360000 12.899688
-0.840000 1.440000 12.911037
-0.840000 1.520000 12.919685
-0.840000 1.600000 12.901829
-0.840000 1.680000 12.901317
-0.840000 1.760000 12.904883
-0.840000 1.840000 12.910199
-0.840000 1.920000 12.916884
-0.840000 2.000000 12.904112
-0.780000 -2.000000 39.927717
-0.780000 -1.920000 39.482471
-0.780000 -1.840000 38.891468
-0.780000 -1.760000 38.140308
-0.780000 -1.680000 37.251210
-0.780000 -1.600000 36.326689
-0.780000 -1.520000 35.615484
-0.780000 -1.440000 35.587647
-0.780000 -1.360000 36.970907
-0.780000 -1.280000 40.653614
-0.780000 -1.200000 47.325853
-0.780000 -1.120000 56.733804
-0.780000 -1.040000 66.555612
-0.780000 -0.960000 71.596337
-0.780000 -0.880000 65.661385
-0.780000 -0.800000 50.154412
-0.780000 -0.720000 43.432452
-0.780000 -0.640000 60.125123
-0.780000 -0.560000 80.091125
-0.780000 -0.480000 81.445863
-0.780000 -0.400000 58.866564
-0.780000 -0.320000 25.223280
-0.780000 -0.240000 15.610961
-0.780000 -0.160000 20.283139
-0.780000 -0.080000 18.448992
-0.780000 0.000000 20.575056
-0.780000 0.080000 20.049165
-0.780000 0.160000 21.096463
-0.780000 0.240000 19.469299
-0.780000 0.320000 18.366724
-0.780000 0.400000 19.487333
-0.780000 0.480000 19.287585
-0.780000 0.560000 19.190009
-0.780000 0.640000 19.126734
-0.780000 0.720000 19.193384
-0.780000 0.800000 19.148033
-0.780000 0.880000 19.189014
-0.780000 0.960000 19.170710
-0.780000 1.040000 19.174040
-0.780000 1.120000 19.171104
-0.780000 1.200000 19.184921
-0.780000 1.280000 19.179535
-0.780000 1.360000 19.163127
-0.780000 1.440000 19.181636
-0.780000 1.520000 19.193996
-0.780000 1.600000 19.166770
-0.780000 1.680000 19.167528
-0.780000 1.760000 19.170373
-0.780000 1.840000 19.179899
-0.780000 1.920000 19.188749
-0.780000 2.000000 19.169242
-0.720000 -2.000000 39.774434
-0.720000 -1.920000 39.275861
-0.720000 -1.840000 38.622952
-0.720000 -1.760000 37.811930
-0.720000 -1.680000 36.892427
-0.720000 -1.600000 36.025774
-0.720000 -1.520000 35.571740
-0.720000 -1.440000 36.185355
-0.720000 -1.360000 38.859645
-0.720000 -1.280000 44.789554
-0.720000 -1.200000 54.892358
-0.720000 -1.120000 68.831874
-0.720000 -1.040000 83.569793
-0.720000 -0.960000 92.344757
-0.720000 -0.880000 87.116312
-0.720000 -0.800000 69.794777
-0.720000 -0.720000 64.509888
-0.720000 -0.640000 90.190680
-0.720000 -0.560000 119.471568
-0.720000 -0.480000 122.208780
-0.720000 -0.400000 90.179543
-0.720000 -0.320000 40.505940
-0.720000 -0.240000 22.658620
-0.720000 -0.160000 27.731010
-0.720000 -0.080000 27.574627
-0.720000 0.000000 31.338612
-0.720000 0.080000 31.122710
-0.720000 0.160000 32.758334
-0.720000 0.240000 29.981860
-0.720000 0.320000 28.367259
-0.720000 0.400000 30.212073
-0.720000 0.480000 29.840394
-0.720000 0.560000 29.639543
-0.720000 0.640000 29.642695
-0.720000 0.720000 29.721391
-0.720000 0.800000 29.639860
-0.720000 0.880000 29.716486
-0.720000 0.960000 29.684823
-0.720000 1.040000 29.690704
-0.720000 1.120000 29.687572
-0.720000 1.200000 29.709245
-0.720000 1.280000 29.699429
-0.720000 1.360000 29.674885
-0.720000 1.440000 29.703357
-0.720000 1.520000 29.720753
-0.720000 1.600000 29.680628
-0.720000 1.680000 29.683273
-0.720000 1.760000 29.684892
-0.720000 1.840000 29.700340
-0.720000 1.920000 29.712051
-0.720000 2.000000 29.683271
-0.660000 -2.000000 39.602248
-0.660000 -1.920000 39.046469
-0.660000 -1.840000 38.330645
-0.660000 -1.760000 37.467261
-0.660000 -1.680000 36.545092
-0.660000 -1.600000 35.806892
-0.660000 -1.520000 35.763508
-0.660000 -1.440000 37.319069
-0.660000 -1.360000 41.821316
-0.660000 -1.280000 50.872901
-0.660000 -1.200000 65.691720
-0.660000 -1.120000 85.832775
-0.660000 -1.040000 107.316623
-0.660000 -0.960000 121.329842
-0.660000 -0.880000 117.417264
-0.660000 -0.800000 98.166004
-0.660000 -0.720000 95.305396
-0.660000 -0.640000 133.379388
-0.660000 -0.560000 175.378305
-0.660000 -0.480000 180.078915
-0.660000 -0.400000 135.256824
-0.660000 -0.320000 63.662507
-0.660000 -0.240000 34.192527
-0.660000 -0.160000 39.631493
-0.660000 -0.080000 42.021882
-0.660000 0.000000 48.087487
-0.660000 0.080000 48.350952
-0.660000 0.160000 50.799922
-0.660000 0.240000 46.414810
-0.660000 0.320000 44.101357
-0.660000 0.400000 46.955315
-0.660000 0.480000 46.340930
-0.660000 0.560000 45.993239
-0.660000 0.640000 46.096782
-0.660000 0.720000 46.190003
-0.660000 0.800000 46.057553
-0.660000 0.880000 46.184517
-0.660000 0.960000 46.134129
-0.660000 1.040000 46.143592
-0.660000 1.120000 46.140313
-0.660000 1.200000 46.172852
-0.660000 1.280000 46.156796
-0.660000 1.360000 46.121093
-0.660000 1.440000 46.163303
-0.660000 1.520000 46.187501
-0.660000 1.600000 46.129745
-0.660000 1.680000 46.135121
-0.660000 1.760000 46.134808
-0.660000 1.840000 46.158491
-0.660000 1.920000 46.173980
-0.660000 2.000000 46.132520
-0.600000 -2.000000 39.409568
-0.600000 -1.920000 38.793412
-0.600000 -1.840000 38.016114
-0.600000 -1.760000 37.114185
-0.600000 -1.680000 36.231463
-0.600000 -1.600000 35.722489
-0.600000 -1.520000 36.302697
-0.600000 -1.440000 39.210603
-0.600000 -1.360000 46.267291
-0.600000 -1.280000 59.616933
-0.600000 -1.200000 80.875008
-0.600000 -1.120000 109.452806
-0.600000 -1.040000 140.134048
-0.600000 -0.960000 161.414950
-0.600000 -0.880000 159.678498
-0.600000 -0.800000 138.414195
-0.600000 -0.720000 139.357765
-0.600000 -0.640000 194.394402
-0.600000 -0.560000 253.662550
-0.600000 -0.480000 261.113245
-0.600000 -0.400000 199.041787
-0.600000 -0.320000 97.644862
-0.600000 -0.240000 51.972810
-0.600000 -0.160000 57.710159
-0.600000 -0.080000 63.842535
-0.600000 0.000000 73.105783
-0.600000 0.080000 74.082377
-0.600000 0.160000 77.646926
-0.600000 0.240000 71.033804
-0.600000 0.320000 67.771676
-0.600000 0.400000 72.018469
-0.600000 0.480000 71.065704
-0.600000 0.560000 70.512153
-0.600000 0.640000 70.762763
-0.600000 0.720000 70.873571
-0.600000 0.800000 70.670300
-0.600000 0.880000 70.867468
-0.600000 0.960000 70.791113
-0.600000 1.040000 70.805551
-0.600000 1.120000 70.802203
-0.600000 1.200000 70.849656
-0.600000 1.280000 70.824912
-0.600000 1.360000 70.774003
-0.600000 1.440000 70.835015
-0.600000 1.520000 70.868367
-0.600000 1.600000 70.786649
-0.600000 1.680000 70.795905
-0.600000 1.760000 70.792684
-0.600000 1.840000 70.827714
-0.600000 1.920000 70.848191
-0.600000 2.000000 70.789494
-0.540000 -2.000000 39.194957
-0.540000 -1.920000 38.516466
-0.540000 -1.840000 37.682775
-0.540000 -1.760000 36.765033
-0.540000 -1.680000 35.983636
-0.540000 -1.600000 35.845610
-0.540000 -1.520000 37.342304
-0.540000 -1.440000 42.159958
-0.540000 -1.360000 52.750219
-0.540000 -1.280000 71.975786
-0.540000 -1.200000 101.977734
-0.540000 -1.120000 141.977588
-0.540000 -1.040000 185.133003
-0.540000 -0.960000 216.410574
-0.540000 -0.880000 218.049697
-0.540000 -0.800000 194.741163
-0.540000 -0.720000 201.398099
-0.540000 -0.640000 279.513711
-0.540000 -0.560000 362.125351
-0.540000 -0.480000 373.387161
-0.540000 -0.400000 288.134456
-0.540000 -0.320000 146.410413
-0.540000 -0.240000 78.369009
-0.540000 -0.160000 84.287459
-0.540000 -0.080000 95.794414
-0.540000 0.000000 109.460722
-0.540000 0.080000 111.470632
-0.540000 0.160000 116.555605
-0.540000 0.240000 106.882068
-0.540000 0.320000 102.337876
-0.540000 0.400000 108.492568
-0.540000 0.480000 107.072569
-0.540000 0.560000 106.233538
-0.540000 0.640000 106.694925
-0.540000 0.720000 106.827129
-0.540000 0.800000 106.526250
-0.540000 0.880000 106.820377
-0.540000 0.960000 106.708320
-0.540000 1.040000 106.729608
-0.540000 1.120000 106.726314
-0.540000 1.200000 106.794102
-0.540000 1.280000 106.757376
-0.540000 1.360000 106.685851
-0.540000 1.440000 106.772445
-0.540000 1.520000 106.818080
-0.540000 1.600000 106.703946
-0.540000 1.680000 106.718638
-0.540000 1.760000 106.711167
-0.540000 1.840000 106.761721
-0.540000 1.920000 106.788781
-0.540000 2.000000 106.706764
-0.480000 -2.000000 38.957269
-0.480000 -1.920000 38.216424
-0.480000 -1.840000 37.336686
-0.480000 -1.760000 36.438283
-0.480000 -1.680000 35.847092
-0.480000 -1.600000 36.277025
-0.480000 -1.520000 39.090307
-0.480000 -1.440000 46.571325
-0.480000 -1.360000 62.010524
-0.480000 -1.280000 89.223162
-0.480000 -1.200000 131.044878
-0.480000 -1.120000 186.446685
-0.480000 -1.040000 246.447708
-0.480000 -0.960000 291.381086
-0.480000 -0.880000 298.052063
-0.480000 -0.800000 272.748476
-0.480000 -0.720000 287.739061
-0.480000 -0.640000 397.102896
-0.480000 -0.560000 511.151129
-0.480000 -0.480000 527.650290
-0.480000 -0.400000 411.331087
-0.480000 -0.320000 215.251896
-0.480000 -0.240000 116.561322
-0.480000 -0.160000 122.474819
-0.480000 -0.080000 141.573966
-0.480000 0.000000 161.260194
-0.480000 0.080000 164.739324
-0.480000 0.160000 171.885791
-0.480000 0.240000 158.036244
-0.480000 0.320000 151.765831
-0.480000 0.400000 160.518048
-0.480000 0.480000 158.457814
-0.480000 0.560000 157.226253
-0.480000 0.640000 157.984909
-0.480000 0.720000 158.143264
-0.480000 0.800000 157.708834
-0.480000 0.880000 158.135848
-0.480000 0.960000 157.975038
-0.480000 1.040000 158.005690
-0.480000 1.120000 158.002633
-0.480000 1.200000 158.098003
-0.480000 1.280000 158.044871
-0.480000 1.360000 157.945517
-0.480000 1.440000 158.066747
-0.480000 1.520000 158.128821
-0.480000 1.600000 157.971006
-0.480000 1.680000 157.993234
-0.480000 1.760000 157.979682
-0.480000 1.840000 158.051348
-0.480000 1.920000 158.087097
-0.480000 2.000000 157.973649
-0.420000 -2.000000 38.695860
-0.420000 -1.920000 37.895568
-0.420000 -1.840000 36.987617
-0.420000 -1.760000 36.160845
-0.420000 -1.680000 35.885418
-0.420000 -1.600000 37.154722
-0.420000 -1.520000 41.828090
-0.420000 -1.440000 52.987536
-0.420000 -1.360000 75.037928
-0.420000 -1.280000 113.056387
-0.420000 -1.200000 170.796115
-0.420000 -1.120000 246.897478
-0.420000 -1.040000 329.566257
-0.420000 -0.960000 393.049886
-0.420000 -0.880000 407.022340
-0.420000 -0.800000 379.892206
-0.420000 -0.720000 406.789460
-0.420000 -0.640000 558.292791
-0.420000 -0.560000 714.544758
-0.420000 -0.480000 738.193021
-0.420000 -0.400000 580.337324
-0.420000 -0.320000 311.233596
-0.420000 -0.240000 170.806973
-0.420000 -0.160000 176.434147
-0.420000 -0.080000 206.123999
-0.420000 0.000000 233.993522
-0.420000 0.080000 239.532361
-0.420000 0.160000 249.462065
-0.420000 0.240000 229.944890
-0.420000 0.320000 221.357391
-0.420000 0.400000 233.628446
-0.420000 0.480000 230.696320
-0.420000 0.560000 228.928710
-0.420000 0.640000 230.101530
-0.420000 0.720000 230.291998
-0.420000 0.800000 229.675916
-0.420000 0.880000 230.283928
-0.420000 0.960000 230.056908
-0.420000 1.040000 230.100288
-0.420000 1.120000 230.097734
-0.420000 1.200000 230.230354
-0.420000 1.280000 230.154897
-0.420000 1.360000 230.018106
-0.420000 1.440000 230.186044
-0.420000 1.520000 230.270072
-0.420000 1.600000 230.053584
-0.420000 1.680000 230.086170
-0.420000 1.760000 230.064054
-0.420000 1.840000 230.164295
-0.420000 1.920000 230.211509
-0.420000 2.000000 230.055839
-0.360000 -2.000000 38.410874
-0.360000 -1.920000 37.558341
-0.360000 -1.840000 36.650498
-0.360000 -1.760000 35.971127
-0.360000 -1.680000 36.186614
-0.360000 -1.600000 38.666507
-0.360000 -1.520000 45.934877
-0.360000 -1.440000 62.135671
-0.360000 -1.360000 93.152814
-0.360000 -1.280000 145.733940
-0.360000 -1.200000 224.844074
-0.360000 -1.120000 328.687235
-0.360000 -1.040000 441.767148
-0.360000 -0.960000 530.334408
-0.360000 -0.880000 554.699281
-0.360000 -0.800000 526.083765
-0.360000 -0.720000 569.734262
-0.360000 -0.640000 777.874786
-0.360000 -0.560000 990.637270
-0.360000 -0.480000 1023.991099
-0.360000 -0.400000 810.710412
-0.360000 -0.320000 443.768053
-0.360000 -0.240000 246.792604
-0.360000 -0.160000 251.721085
-0.360000 -0.080000 296.040714
-0.360000 0.000000 334.982084
-0.360000 0.080000 343.377258
-0.360000 0.160000 357.051365
-0.360000 0.240000 329.876139
-0.360000 0.320000 318.186499
-0.360000 0.400000 335.204939
-0.360000 0.480000 331.091403
-0.360000 0.560000 328.595794
-0.360000 0.640000 330.340178
-0.360000 0.720000 330.570269
-0.360000 0.800000 329.708295
-0.360000 0.880000 330.561590
-0.360000 0.960000 330.245063
-0.360000 1.040000 330.305662
-0.360000 1.120000 330.303989
-0.360000 1.200000 330.486737
-0.360000 1.280000 330.381047
-0.360000 1.360000 330.194042
-0.360000 1.440000 330.424757
-0.360000 1.520000 330.538053
-0.360000 1.600000 330.242968
-0.360000 1.680000 330.289693
-0.360000 1.760000 330.255658
-0.360000 1.840000 330.394422
-0.360000 1.920000 330.456763
-0.360000 2.000000 330.244527
-0.300000 -2.000000 38.103640
-0.300000 -1.920000 37.212235
-0.300000 -1.840000 36.347361
-0.300000 -1.760000 35.923122
-0.300000 -1.680000 36.871478
-0.300000 -1.600000 41.066743
-0.300000 -1.520000 51.920098
-0.300000 -1.440000 74.987398
-0.300000 -1.360000 118.113782
-0.300000 -1.280000 190.257149
-0.300000 -1.200000 297.982590
-0.300000 -1.120000 438.918365
-0.300000 -1.040000 592.695570
-0.300000 -0.960000 715.052419
-0.300000 -0.880000 753.998029
-0.300000 -0.800000 724.483543
-0.300000 -0.720000 791.432941
-0.300000 -0.640000 1075.483314
-0.300000 -0.560000 1363.745986
-0.300000 -0.480000 1410.217122
-0.300000 -0.400000 1123.103691
-0.300000 -0.320000 625.378230
-0.300000 -0.240000 352.100237
-0.300000 -0.160000 355.738820
-0.300000 -0.080000 420.111804
-0.300000 0.000000 473.974971
-0.300000 0.080000 486.297544
-0.300000 0.160000 504.994288
-0.300000 0.240000 467.509470
-0.300000 0.320000 451.675724
-0.300000 0.400000 475.077188
-0.300000 0.480000 469.369474
-0.300000 0.560000 465.889663
-0.300000 0.640000 468.416894
-0.300000 0.720000 468.696110
-0.300000 0.800000 467.502605
-0.300000 0.880000 468.686917
-0.300000 0.960000 468.249840
-0.300000 1.040000 468.333644
-0.300000 1.120000 468.333384
-0.300000 1.200000 468.583387
-0.300000 1.280000 468.436920
-0.300000 1.360000 468.182731
-0.300000 1.440000 468.497585
-0.300000 1.520000 468.649837
-0.300000 1.600000 468.249703
-0.300000 1.680000 468.315627
-0.300000 1.760000 468.265155
-0.300000 1.840000 468.455684
-0.300000 1.920000 468.537983
-0.300000 2.000000 468.250137
-0.240000 -2.000000 37.777219
-0.240000 -1.920000 36.869009
-0.240000 -1.840000 36.109951
-0.240000 -1.760000 36.091874
-0.240000 -1.680000 38.104755
-0.240000 -1.600000 44.698530
-0.240000 -1.520000 60.466234
-0.240000 -1.440000 92.838769
-0.240000 -1.360000 152.259782
-0.240000 -1.280000 250.610178
-0.240000 -1.200000 396.567286
-0.240000 -1.120000 586.999756
-0.240000 -1.040000 795.124076
-0.240000 -0.960000 962.854301
-0.240000 -0.880000 1022.032429
-0.240000 -0.800000 992.548933
-0.240000 -0.720000 1091.605919
-0.240000 -0.640000 1477.157271
-0.240000 -0.560000 1866.102261
-0.240000 -0.480000 1930.236090
-0.240000 -0.400000 1544.909931
-0.240000 -0.320000 872.704434
-0.240000 -0.240000 496.823168
-0.240000 -0.160000 498.337848
-0.240000 -0.080000 590.027570
-0.240000 0.000000 663.936095
-0.240000 0.080000 681.622005
-0.240000 0.160000 707.039251
-0.240000 0.240000 655.717676
-0.240000 0.320000 634.358148
-0.240000 0.400000 666.317309
-0.240000 0.480000 658.465831
-0.240000 0.560000 653.660448
-0.240000 0.640000 657.253405
-0.240000 0.720000 657.593809
-0.240000 0.800000 655.954787
-0.240000 0.880000 657.584272
-0.240000 0.960000 656.985343
-0.240000 1.040000 657.100317
-0.240000 1.120000 657.102208
-0.240000 1.200000 657.442217
-0.240000 1.280000 657.240939
-0.240000 1.360000 656.897048
-0.240000 1.440000 657.324406
-0.240000 1.520000 657.528442
-0.240000 1.600000 656.988177
-0.240000 1.680000 657.080051
-0.240000 1.760000 657.007081
-0.240000 1.840000 657.266976
-0.240000 1.920000 657.375599
-0.240000 2.000000 656.986886
-0.180000 -2.000000 37.437148
-0.180000 -1.920000 36.546324
-0.180000 -1.840000 35.983217
-0.180000 -1.760000 36.580743
-0.180000 -1.680000 40.109940
-0.180000 -1.600000 50.023104
-0.180000 -1.520000 72.485515
-0.180000 -1.440000 117.415697
-0.180000 -1.360000 198.697878
-0.180000 -1.280000 332.076906
-0.180000 -1.200000 529.017978
-0.180000 -1.120000 785.387668
-0.180000 -1.040000 1065.956427
-0.180000 -0.960000 1294.453408
-0.180000 -0.880000 1381.464391
-0.180000 -0.800000 1353.417972
-0.180000 -0.720000 1496.401136
-0.180000 -0.640000 2017.401346
-0.180000 -0.560000 2540.396089
-0.180000 -0.480000 2628.239519
-0.180000 -0.400000 2112.430853
-0.180000 -0.320000 1207.834219
-0.180000 -0.240000 694.379750
-0.180000 -0.160000 692.608356
-0.180000 -0.080000 821.320381
-0.180000 0.000000 922.083930
-0.180000 0.080000 947.053674
-0.180000 0.160000 981.444365
-0.180000 0.240000 911.599868
-0.180000 0.320000 882.883851
-0.180000 0.400000 926.288709
-0.180000 0.480000 915.562717
-0.180000 0.560000 908.977577
-0.180000 0.640000 914.014164
-0.180000 0.720000 914.431130
-0.180000 0.800000 912.195071
-0.180000 0.880000 914.421523
-0.180000 0.960000 913.605861
-0.180000 1.040000 913.762593
-0.180000 1.120000 913.767649
-0.180000 1.200000 914.227856
-0.180000 1.280000 913.953108
-0.180000 1.360000 913.489663
-0.180000 1.440000 914.067152
-0.180000 1.520000 914.339945
-0.180000 1.600000 913.613057
-0.180000 1.680000 913.739876
-0.180000 1.760000 913.636296
-0.180000 1.840000 913.988925
-0.180000 1.920000 914.132272
-0.180000 2.000000 913.609218
-0.120000 -2.000000 37.092451
-0.120000 -1.920000 36.269947
-0.120000 -1.840000 36.029972
-0.120000 -1.760000 37.531078
-0.120000 -1.680000 43.188906
-0.120000 -1.600000 57.658755
-0.120000 -1.520000 89.194892
-0.120000 -1.440000 151.013346
-0.120000 -1.360000 261.551215
-0.120000 -1.280000 441.659285
-0.120000 -1.200000 706.481762
-0.120000 -1.120000 1050.563415
-0.120000 -1.040000 1427.552204
-0.120000 -0.960000 1737.249555
-0.120000 -0.880000 1862.284623
-0.120000 -0.800000 1837.735722
-0.120000 -0.720000 2040.462062
-0.120000 -0.640000 2741.906794
-0.120000 -0.560000 3443.134382
-0.120000 -0.480000 3562.721848
-0.120000 -0.400000 2873.740752
-0.120000 -0.320000 1660.058436
-0.120000 -0.240000 962.588331
-0.120000 -0.160000 955.926785
-0.120000 -0.080000 1134.605448
-0.120000 0.000000 1271.264630
-0.120000 0.080000 1306.081556
-0.120000 0.160000 1352.432554
-0.120000 0.240000 1257.845712
-0.120000 0.320000 1219.349184
-0.120000 0.400000 1278.031227
-0.120000 0.480000 1263.460223
-0.120000 0.560000 1254.491807
-0.120000 0.640000 1261.475937
-0.120000 0.720000 1261.989123
-0.120000 0.800000 1258.954845
-0.120000 0.880000 1261.979862
-0.120000 0.960000 1260.874622
-0.120000 1.040000 1261.087165
-0.120000 1.120000 1261.096775
-0.120000 1.200000 1261.717210
-0.120000 1.280000 1261.344216
-0.120000 1.360000 1260.721669
-0.120000 1.440000 1261.499161
-0.120000 1.520000 1261.863160
-0.120000 1.600000 1260.888081
-0.120000 1.680000 1261.061811
-0.120000 1.760000 1260.916783
-0.120000 1.840000 1261.393146
-0.120000 1.920000 1261.582289
-0.120000 2.000000 1260.880565
-0.060000 -2.000000 36.757005
-0.060000 -1.920000 36.076689
-0.060000 -1.840000 36.337110
-0.060000 -1.760000 39.135061
-0.060000 -1.680000 47.747932
-0.060000 -1.600000 68.432336
-0.060000 -1.520000 112.215155
-0.060000 -1.440000 196.680249
-0.060000 -1.360000 346.286435
-0.060000 -1.280000 588.629516
-0.060000 -1.200000 943.708042
-0.060000 -1.120000 1404.323367
-0.060000 -1.040000 1909.474420
-0.060000 -0.960000 2327.471000
-0.060000 -0.880000 2504.162335
-0.060000 -0.800000 2486.064644
-0.060000 -0.720000 2769.657215
-0.060000 -0.640000 3711.142040
-0.060000 -0.560000 4649.072452
-0.060000 -0.480000 4811.067805
-0.060000 -0.400000 3892.465700
-0.060000 -0.320000 2268.189472
-0.060000 -0.240000 1325.086768
-0.060000 -0.160000 1311.337775
-0.060000 -0.080000 1557.219146
-0.060000 0.000000 1741.764967
-0.060000 0.080000 1789.844556
-0.060000 0.160000 1852.112722
-0.060000 0.240000 1724.536677
-0.060000 0.320000 1673.051893
-0.060000 0.400000 1752.089981
-0.060000 0.480000 1732.386350
-0.060000 0.560000 1720.233569
-0.060000 0.640000 1729.836117
-0.060000 0.720000 1730.470741
-0.060000 0.800000 1726.371378
-0.060000 0.880000 1730.462441
-0.060000 0.960000 1728.971018
-0.060000 1.040000 1729.258014
-0.060000 1.120000 1729.274063
-0.060000 1.200000 1730.107759
-0.060000 1.280000 1729.603650
-0.060000 1.360000 1728.769647
-0.060000 1.440000 1729.813196
-0.060000 1.520000 1730.298078
-0.060000 1.600000 1728.993322
-0.060000 1.680000 1729.229865
-0.060000 1.760000 1729.028941
-0.060000 1.840000 1729.670121
-0.060000 1.920000 1729.919662
-0.060000 2.000000 1728.980596
0.000000 -2.000000 36.451379
0.000000 -1.920000 36.018350
0.000000 -1.840000 37.023873
0.000000 -1.760000 41.652751
0.000000 -1.680000 54.332156
0.000000 -1.600000 83.447382
0.000000 -1.520000 143.701907
0.000000 -1.440000 258.461471
0.000000 -1.360000 460.145884
0.000000 -1.280000 785.258774
0.000000 -1.200000 1260.203090
0.000000 -1.120000 1875.480844
0.000000 -1.040000 2550.795014
0.000000 -0.960000 3113.000199
0.000000 -0.880000 3359.545305
0.000000 -0.800000 3352.065238
0.000000 -0.720000 3744.682159
0.000000 -0.640000 5005.090521
0.000000 -0.560000 6257.060902
0.000000 -0.480000 6475.604965
0.000000 -0.400000 5252.770306
0.000000 -0.320000 3083.621110
0.000000 -0.240000 1813.206553
0.000000 -0.160000 1789.378552
0.000000 -0.080000 2125.381814
0.000000 0.000000 2373.705494
0.000000 0.080000 2439.591943
0.000000 0.160000 2523.015716
0.000000 0.240000 2351.523816
0.000000 0.320000 2282.808064
0.000000 0.400000 2388.929557
0.000000 0.480000 2362.386426
0.000000 0.560000 2345.986927
0.000000 0.640000 2359.099843
0.000000 0.720000 2359.888347
0.000000 0.800000 2354.370202
0.000000 0.880000 2359.881892
0.000000 0.960000 2357.876281
0.000000 1.040000 2358.262435
0.000000 1.120000 2358.287473
0.000000 1.200000 2359.404642
0.000000 1.280000 2358.725852
0.000000 1.360000 2357.611121
0.000000 1.440000 2359.008160
0.000000 1.520000 2359.653144
0.000000 1.600000 2357.910921
0.000000 1.680000 2358.231381
0.000000 1.760000 2357.955330
0.000000 1.840000 2358.815738
0.000000 1.920000 2359.144928
0.000000 2.000000 2357.890909
